Syn, HLPro, LLPro, Diatom
absorb as in Hickman et al 2010
SmEuk=Aureococcus,Cocco=EHux
Scattering as in Gregg&Casey2009
except Pro=Morel et al 1993
Format I4,3F10.4
*** Sm Euk ***
 400    0.0304    0.0304    0.0900
 425    0.0361    0.0361    0.0870
 450    0.0378    0.0378    0.0870
 475    0.0341    0.0341    0.0880
 500    0.0238    0.0238    0.0920
 525    0.0161    0.0161    0.0991
 550    0.0089    0.0089    0.1082
 575    0.0060    0.0060    0.1130
 600    0.0061    0.0061    0.1150
 625    0.0064    0.0064    0.1143
 650    0.0062    0.0062    0.1140
 675    0.0197    0.0197    0.1140
 700    0.0019    0.0019    0.1110
*** Syn ***
 400    0.0292    0.0222    0.3250
 425    0.0407    0.0257    0.2974
 450    0.0371    0.0153    0.2831
 475    0.0296    0.0075    0.2790
 500    0.0315    0.0158    0.2748
 525    0.0257    0.0240    0.2594
 550    0.0314    0.0314    0.2495
 575    0.0134    0.0134    0.2307
 600    0.0061    0.0061    0.2112
 625    0.0072    0.0072    0.2020
 650    0.0072    0.0072    0.1939
 675    0.0164    0.0164    0.1766
 700    0.0032    0.0032    0.1603
*** HL Pro ***
 400    0.0245    0.0165    0.0523
 425    0.0401    0.0225    0.0464
 450    0.0473    0.0171    0.0478
 475    0.0265    0.0054    0.0501
 500    0.0198    0.0008    0.0510
 525    0.0055    0.0016    0.0433
 550    0.0027    0.0026    0.0364
 575    0.0027    0.0027    0.0303
 600    0.0033    0.0033    0.0277
 625    0.0046    0.0046    0.0249
 650    0.0053    0.0053    0.0205
 675    0.0175    0.0175    0.0230
 700    0.0035    0.0035    0.0223
*** LL Pro ***
 400    0.0385    0.0220    0.0523
 425    0.0611    0.0270    0.0464
 450    0.0744    0.0239    0.0478
 475    0.0583    0.0189    0.0501
 500    0.0359    0.0019    0.0510
 525    0.0122    0.0031    0.0433
 550    0.0066    0.0063    0.0364
 575    0.0054    0.0054    0.0303
 600    0.0060    0.0060    0.0277
 625    0.0066    0.0066    0.0249
 650    0.0115    0.0115    0.0205
 675    0.0179    0.0179    0.0230
 700    0.0044    0.0044    0.0223
*** Diatom ***
 400    0.0169    0.0169    0.2997
 425    0.0200    0.0200    0.2872
 450    0.0194    0.0194    0.2770
 475    0.0142    0.0142    0.2714
 500    0.0129    0.0129    0.2675
 525    0.0101    0.0101    0.2640
 550    0.0072    0.0072    0.2600
 575    0.0044    0.0044    0.2570
 600    0.0037    0.0037    0.2530
 625    0.0054    0.0054    0.2461
 650    0.0051    0.0051    0.2370
 675    0.0165    0.0165    0.2265
 700    0.0019    0.0019    0.2165
*** Coccoli ***
 400    0.0195    0.0195    0.6432
 425    0.0236    0.0236    0.6176
 450    0.0253    0.0253    0.5983
 475    0.0253    0.0253    0.5853
 500    0.0173    0.0173    0.5790
 525    0.0126    0.0126    0.5766
 550    0.0072    0.0072    0.5726
 575    0.0050    0.0050    0.5639
 600    0.0055    0.0055    0.5495
 625    0.0053    0.0053    0.5317
 650    0.0055    0.0055    0.5125
 675    0.0156    0.0156    0.4943
 700    0.0014    0.0014    0.4758
