# header of file: Diver3_stat
# frequency (s):       1200.000000
# phase (s)    :          0.000000
# Regions      :   0
# Fields       : Diver3  
# Nb of levels :   24
# end of header ------------------------------------------------------------
 
 field : Diver3   ; Iter =    188389 ; region #   0 ; nb.Lev =  24
 k | --  Average --  | --  Std.Dev  -- | --     min  --  | --     max   -- | Vol
  0  5.9213666959E+00  7.1706842516E+00  1.0000000000E+00  7.8000000000E+01  2.8199008700E+13
  1  6.2193600575E+00  1.0462123457E+01  1.0000000000E+00  7.8000000000E+01  4.8770963680E+12
  2  6.3898229878E+00  1.0412572035E+01  2.0000000000E+00  7.8000000000E+01  3.6303798470E+12
  3  5.8900357924E+00  8.6241360397E+00  2.0000000000E+00  7.7000000000E+01  3.0452921075E+12
  4  5.0570687582E+00  6.8586933665E+00  2.0000000000E+00  6.7000000000E+01  2.4674263946E+12
  5  4.0840951848E+00  2.5175891316E+00  2.0000000000E+00  1.2000000000E+01  1.9578249370E+12
  6  4.2568505709E+00  2.5933473789E+00  2.0000000000E+00  1.2000000000E+01  1.7309547277E+12
  7  4.5001186894E+00  2.6556315009E+00  2.0000000000E+00  1.2000000000E+01  1.4953216074E+12
  8  4.7071830236E+00  2.7405264018E+00  3.0000000000E+00  1.2000000000E+01  1.2829423298E+12
  9  5.0579034258E+00  2.8798182046E+00  2.0000000000E+00  1.1000000000E+01  1.0031551290E+12
 10  5.5258883318E+00  3.0339936264E+00  3.0000000000E+00  1.1000000000E+01  8.0265770428E+11
 11  5.7605491828E+00  3.1856251249E+00  3.0000000000E+00  1.1000000000E+01  6.6327548622E+11
 12  5.9956776107E+00  3.4850596667E+00  3.0000000000E+00  1.1000000000E+01  5.6373029637E+11
 13  6.3509641731E+00  3.6550017758E+00  3.0000000000E+00  1.1000000000E+01  5.0322362276E+11
 14  6.7795753739E+00  3.7515054430E+00  3.0000000000E+00  1.1000000000E+01  4.7029031123E+11
 15  7.3832237534E+00  3.8141361455E+00  3.0000000000E+00  1.1000000000E+01  4.5969947791E+11
 16  7.9120117938E+00  3.7850552782E+00  3.0000000000E+00  1.1000000000E+01  4.5451843018E+11
 17  7.9394408923E+00  3.8320162178E+00  3.0000000000E+00  1.2000000000E+01  4.7666501678E+11
 18  7.8831488504E+00  4.2360174496E+00  1.0000000000E+00  1.2000000000E+01  5.2476222150E+11
 19  7.9899143543E+00  4.1190162395E+00  1.0000000000E+00  1.1000000000E+01  5.0785018665E+11
 20  9.8542245269E+00  1.3514479739E+00  7.0000000000E+00  1.1000000000E+01  4.3109517302E+11
 21  1.0555180459E+01  1.2134384901E+00  7.0000000000E+00  1.3000000000E+01  3.3877307666E+11
 22  1.0174965676E+01  2.5240343603E+00  5.0000000000E+00  1.4000000000E+01  3.0380439639E+11
 23  9.4045419348E+00  1.2710990960E+00  8.0000000000E+00  1.1000000000E+01  1.5695287583E+11
 24  8.6664672992E+00  4.7147496040E-01  8.0000000000E+00  9.0000000000E+00  5.1316976000E+10
 
 field : Diver3   ; Iter =    188390 ; region #   0 ; nb.Lev =  24
 k | --  Average --  | --  Std.Dev  -- | --     min  --  | --     max   -- | Vol
  0  5.9236696865E+00  7.1757914078E+00  1.0000000000E+00  7.8000000000E+01  2.8199008700E+13
  1  6.2215541227E+00  1.0470000233E+01  1.0000000000E+00  7.8000000000E+01  4.8770963680E+12
  2  6.3927069690E+00  1.0415370819E+01  2.0000000000E+00  7.8000000000E+01  3.6303798470E+12
  3  5.8959034101E+00  8.6418858958E+00  2.0000000000E+00  7.7000000000E+01  3.0452921075E+12
  4  5.0570687582E+00  6.8586933665E+00  2.0000000000E+00  6.7000000000E+01  2.4674263946E+12
  5  4.0840951848E+00  2.5175891316E+00  2.0000000000E+00  1.2000000000E+01  1.9578249370E+12
  6  4.2568505709E+00  2.5933473789E+00  2.0000000000E+00  1.2000000000E+01  1.7309547277E+12
  7  4.5001186894E+00  2.6556315009E+00  2.0000000000E+00  1.2000000000E+01  1.4953216074E+12
  8  4.7071830236E+00  2.7405264018E+00  3.0000000000E+00  1.2000000000E+01  1.2829423298E+12
  9  5.0613066441E+00  2.8779745550E+00  2.0000000000E+00  1.1000000000E+01  1.0031551290E+12
 10  5.5258883318E+00  3.0339936264E+00  3.0000000000E+00  1.1000000000E+01  8.0265770428E+11
 11  5.7658772815E+00  3.1818375492E+00  3.0000000000E+00  1.1000000000E+01  6.6327548622E+11
 12  5.9956776107E+00  3.4850596667E+00  3.0000000000E+00  1.1000000000E+01  5.6373029637E+11
 13  6.3509641731E+00  3.6550017758E+00  3.0000000000E+00  1.1000000000E+01  5.0322362276E+11
 14  6.7795753739E+00  3.7515054430E+00  3.0000000000E+00  1.1000000000E+01  4.7029031123E+11
 15  7.3832237534E+00  3.8141361455E+00  3.0000000000E+00  1.1000000000E+01  4.5969947791E+11
 16  7.9120117938E+00  3.7850552782E+00  3.0000000000E+00  1.1000000000E+01  4.5451843018E+11
 17  7.9394408923E+00  3.8320162178E+00  3.0000000000E+00  1.2000000000E+01  4.7666501678E+11
 18  7.8831488504E+00  4.2360174496E+00  1.0000000000E+00  1.2000000000E+01  5.2476222150E+11
 19  7.9899143543E+00  4.1190162395E+00  1.0000000000E+00  1.1000000000E+01  5.0785018665E+11
 20  9.8542245269E+00  1.3514479739E+00  7.0000000000E+00  1.1000000000E+01  4.3109517302E+11
 21  1.0611131997E+01  1.1624218069E+00  7.0000000000E+00  1.3000000000E+01  3.3877307666E+11
 22  1.0174965676E+01  2.5240343603E+00  5.0000000000E+00  1.4000000000E+01  3.0380439639E+11
 23  9.4045419348E+00  1.2710990960E+00  8.0000000000E+00  1.1000000000E+01  1.5695287583E+11
 24  8.6664672992E+00  4.7147496040E-01  8.0000000000E+00  9.0000000000E+00  5.1316976000E+10
 
 field : Diver3   ; Iter =    188391 ; region #   0 ; nb.Lev =  24
 k | --  Average --  | --  Std.Dev  -- | --     min  --  | --     max   -- | Vol
  0  5.9245153547E+00  7.1789137377E+00  1.0000000000E+00  7.8000000000E+01  2.8199008700E+13
  1  6.2215938846E+00  1.0473738603E+01  1.0000000000E+00  7.8000000000E+01  4.8770963680E+12
  2  6.3937234823E+00  1.0416768294E+01  2.0000000000E+00  7.8000000000E+01  3.6303798470E+12
  3  5.8982652677E+00  8.6533859475E+00  2.0000000000E+00  7.7000000000E+01  3.0452921075E+12
  4  5.0570687582E+00  6.8586933665E+00  2.0000000000E+00  6.7000000000E+01  2.4674263946E+12
  5  4.0824382316E+00  2.5186309442E+00  2.0000000000E+00  1.2000000000E+01  1.9578249370E+12
  6  4.2568505709E+00  2.5933473789E+00  2.0000000000E+00  1.2000000000E+01  1.7309547277E+12
  7  4.5001186894E+00  2.6556315009E+00  2.0000000000E+00  1.2000000000E+01  1.4953216074E+12
  8  4.7071830236E+00  2.7405264018E+00  3.0000000000E+00  1.2000000000E+01  1.2829423298E+12
  9  5.0579191891E+00  2.8798096771E+00  2.0000000000E+00  1.1000000000E+01  1.0031551290E+12
 10  5.5258883318E+00  3.0339936264E+00  3.0000000000E+00  1.1000000000E+01  8.0265770428E+11
 11  5.7711429879E+00  3.1780811149E+00  3.0000000000E+00  1.1000000000E+01  6.6327548622E+11
 12  5.9956776107E+00  3.4850596667E+00  3.0000000000E+00  1.1000000000E+01  5.6373029637E+11
 13  6.3509641731E+00  3.6550017758E+00  3.0000000000E+00  1.1000000000E+01  5.0322362276E+11
 14  6.7795753739E+00  3.7515054430E+00  3.0000000000E+00  1.1000000000E+01  4.7029031123E+11
 15  7.3832237534E+00  3.8141361455E+00  3.0000000000E+00  1.1000000000E+01  4.5969947791E+11
 16  7.9120117938E+00  3.7850552782E+00  3.0000000000E+00  1.1000000000E+01  4.5451843018E+11
 17  7.9394408923E+00  3.8320162178E+00  3.0000000000E+00  1.2000000000E+01  4.7666501678E+11
 18  7.8831488504E+00  4.2360174496E+00  1.0000000000E+00  1.2000000000E+01  5.2476222150E+11
 19  7.9899143543E+00  4.1190162395E+00  1.0000000000E+00  1.1000000000E+01  5.0785018665E+11
 20  9.8911531690E+00  1.3684820510E+00  7.0000000000E+00  1.1000000000E+01  4.3109517302E+11
 21  1.0611131997E+01  1.1624218069E+00  7.0000000000E+00  1.3000000000E+01  3.3877307666E+11
 22  1.0174965676E+01  2.5240343603E+00  5.0000000000E+00  1.4000000000E+01  3.0380439639E+11
 23  9.4045419348E+00  1.2710990960E+00  8.0000000000E+00  1.1000000000E+01  1.5695287583E+11
 24  8.6664672992E+00  4.7147496040E-01  8.0000000000E+00  9.0000000000E+00  5.1316976000E+10
 
 field : Diver3   ; Iter =    188392 ; region #   0 ; nb.Lev =  24
 k | --  Average --  | --  Std.Dev  -- | --     min  --  | --     max   -- | Vol
  0  5.9252442141E+00  7.1838151456E+00  1.0000000000E+00  7.8000000000E+01  2.8199008700E+13
  1  6.2237861310E+00  1.0480149632E+01  1.0000000000E+00  7.8000000000E+01  4.8770963680E+12
  2  6.3956946019E+00  1.0423056596E+01  2.0000000000E+00  7.8000000000E+01  3.6303798470E+12
  3  5.9006191119E+00  8.6587191346E+00  2.0000000000E+00  7.7000000000E+01  3.0452921075E+12
  4  5.0599394581E+00  6.8817317763E+00  2.0000000000E+00  6.7000000000E+01  2.4674263946E+12
  5  4.0824382316E+00  2.5186309442E+00  2.0000000000E+00  1.2000000000E+01  1.9578249370E+12
  6  4.2568505709E+00  2.5933473789E+00  2.0000000000E+00  1.2000000000E+01  1.7309547277E+12
  7  4.5001186894E+00  2.6556315009E+00  2.0000000000E+00  1.2000000000E+01  1.4953216074E+12
  8  4.7098604100E+00  2.7452034963E+00  3.0000000000E+00  1.2000000000E+01  1.2829423298E+12
  9  5.0613287975E+00  2.8850621591E+00  2.0000000000E+00  1.1000000000E+01  1.0031551290E+12
 10  5.5216022773E+00  3.0354395039E+00  3.0000000000E+00  1.1000000000E+01  8.0265770428E+11
 11  5.7711429879E+00  3.1780811149E+00  3.0000000000E+00  1.1000000000E+01  6.6327548622E+11
 12  5.9956776107E+00  3.4850596667E+00  3.0000000000E+00  1.1000000000E+01  5.6373029637E+11
 13  6.3509641731E+00  3.6550017758E+00  3.0000000000E+00  1.1000000000E+01  5.0322362276E+11
 14  6.7795753739E+00  3.7515054430E+00  3.0000000000E+00  1.1000000000E+01  4.7029031123E+11
 15  7.3832237534E+00  3.8141361455E+00  3.0000000000E+00  1.1000000000E+01  4.5969947791E+11
 16  7.9269140350E+00  3.7952015797E+00  3.0000000000E+00  1.1000000000E+01  4.5451843018E+11
 17  7.9394408923E+00  3.8320162178E+00  3.0000000000E+00  1.2000000000E+01  4.7666501678E+11
 18  7.8831488504E+00  4.2360174496E+00  1.0000000000E+00  1.2000000000E+01  5.2476222150E+11
 19  7.9899143543E+00  4.1190162395E+00  1.0000000000E+00  1.1000000000E+01  5.0785018665E+11
 20  9.8911531690E+00  1.3684820510E+00  7.0000000000E+00  1.1000000000E+01  4.3109517302E+11
 21  1.0611131997E+01  1.1624218069E+00  7.0000000000E+00  1.3000000000E+01  3.3877307666E+11
 22  1.0103424947E+01  2.4269076251E+00  5.0000000000E+00  1.4000000000E+01  3.0380439639E+11
 23  9.4045419348E+00  1.2710990960E+00  8.0000000000E+00  1.1000000000E+01  1.5695287583E+11
 24  8.6664672992E+00  4.7147496040E-01  8.0000000000E+00  9.0000000000E+00  5.1316976000E+10
 
# records End here.
