# header of file: Diver2_stat
# frequency (s):       1200.000000
# phase (s)    :          0.000000
# Regions      :   0
# Fields       : Diver2  
# Nb of levels :   24
# end of header ------------------------------------------------------------
 
 field : Diver2   ; Iter =    188389 ; region #   0 ; nb.Lev =  24
 k | --  Average --  | --  Std.Dev  -- | --     min  --  | --     max   -- | Vol
  0  5.2238680122E+00  4.6196118488E+00  1.0000000000E+00  7.8000000000E+01  2.8199008700E+13
  1  5.1301164212E+00  7.1102959338E+00  1.0000000000E+00  7.8000000000E+01  4.8770963680E+12
  2  5.1501923083E+00  6.2655397957E+00  2.0000000000E+00  7.8000000000E+01  3.6303798470E+12
  3  4.7866420159E+00  3.5539372926E+00  2.0000000000E+00  4.1000000000E+01  3.0452921075E+12
  4  4.2634822581E+00  2.8242245283E+00  2.0000000000E+00  1.4000000000E+01  2.4674263946E+12
  5  4.0019447058E+00  2.4050971826E+00  2.0000000000E+00  1.1000000000E+01  1.9578249370E+12
  6  4.1561616377E+00  2.4787970567E+00  2.0000000000E+00  1.1000000000E+01  1.7309547277E+12
  7  4.3718805401E+00  2.5373613090E+00  2.0000000000E+00  1.1000000000E+01  1.4953216074E+12
  8  4.5498131232E+00  2.6230177974E+00  2.0000000000E+00  1.1000000000E+01  1.2829423298E+12
  9  4.8972880600E+00  2.7363045512E+00  2.0000000000E+00  1.1000000000E+01  1.0031551290E+12
 10  5.3753143498E+00  2.9137700113E+00  2.0000000000E+00  1.1000000000E+01  8.0265770428E+11
 11  5.6115247159E+00  3.0702061286E+00  2.0000000000E+00  1.1000000000E+01  6.6327548622E+11
 12  5.8251758604E+00  3.3324045973E+00  2.0000000000E+00  1.1000000000E+01  5.6373029637E+11
 13  6.1108717815E+00  3.4498139208E+00  3.0000000000E+00  1.1000000000E+01  5.0322362276E+11
 14  6.5252524903E+00  3.5282503684E+00  3.0000000000E+00  1.1000000000E+01  4.7029031123E+11
 15  7.0484984955E+00  3.6043844146E+00  3.0000000000E+00  1.1000000000E+01  4.5969947791E+11
 16  7.5530030430E+00  3.5845464696E+00  3.0000000000E+00  1.1000000000E+01  4.5451843018E+11
 17  7.5817554389E+00  3.6517280933E+00  3.0000000000E+00  1.1000000000E+01  4.7666501678E+11
 18  7.2938371261E+00  3.9615861246E+00  1.0000000000E+00  1.1000000000E+01  5.2476222150E+11
 19  7.0822906654E+00  3.8605284505E+00  1.0000000000E+00  1.1000000000E+01  5.0785018665E+11
 20  8.7444547666E+00  2.0638017508E+00  5.0000000000E+00  1.1000000000E+01  4.3109517302E+11
 21  8.8863952179E+00  2.1820766325E+00  4.0000000000E+00  1.1000000000E+01  3.3877307666E+11
 22  8.2027926430E+00  2.0038987792E+00  4.0000000000E+00  1.1000000000E+01  3.0380439639E+11
 23  8.6232100417E+00  1.6527640669E+00  7.0000000000E+00  1.1000000000E+01  1.5695287583E+11
 24  7.3335327008E+00  4.7147496040E-01  7.0000000000E+00  8.0000000000E+00  5.1316976000E+10
 
 field : Diver2   ; Iter =    188390 ; region #   0 ; nb.Lev =  24
 k | --  Average --  | --  Std.Dev  -- | --     min  --  | --     max   -- | Vol
  0  5.2260582934E+00  4.6208579843E+00  1.0000000000E+00  7.8000000000E+01  2.8199008700E+13
  1  5.1301164212E+00  7.1102959338E+00  1.0000000000E+00  7.8000000000E+01  4.8770963680E+12
  2  5.1511369421E+00  6.2661954957E+00  2.0000000000E+00  7.8000000000E+01  3.6303798470E+12
  3  4.7866420159E+00  3.5539372926E+00  2.0000000000E+00  4.1000000000E+01  3.0452921075E+12
  4  4.2634822581E+00  2.8242245283E+00  2.0000000000E+00  1.4000000000E+01  2.4674263946E+12
  5  4.0019447058E+00  2.4050971826E+00  2.0000000000E+00  1.1000000000E+01  1.9578249370E+12
  6  4.1561616377E+00  2.4787970567E+00  2.0000000000E+00  1.1000000000E+01  1.7309547277E+12
  7  4.3741944564E+00  2.5429425807E+00  2.0000000000E+00  1.1000000000E+01  1.4953216074E+12
  8  4.5524647205E+00  2.6219549903E+00  2.0000000000E+00  1.1000000000E+01  1.2829423298E+12
  9  4.8972880600E+00  2.7363045512E+00  2.0000000000E+00  1.1000000000E+01  1.0031551290E+12
 10  5.3795942173E+00  2.9095404160E+00  2.0000000000E+00  1.1000000000E+01  8.0265770428E+11
 11  5.6115247159E+00  3.0702061286E+00  2.0000000000E+00  1.1000000000E+01  6.6327548622E+11
 12  5.8251758604E+00  3.3324045973E+00  2.0000000000E+00  1.1000000000E+01  5.6373029637E+11
 13  6.1108717815E+00  3.4498139208E+00  3.0000000000E+00  1.1000000000E+01  5.0322362276E+11
 14  6.5350433396E+00  3.5392495122E+00  3.0000000000E+00  1.1000000000E+01  4.7029031123E+11
 15  7.0484984955E+00  3.6043844146E+00  3.0000000000E+00  1.1000000000E+01  4.5969947791E+11
 16  7.5530030430E+00  3.5845464696E+00  3.0000000000E+00  1.1000000000E+01  4.5451843018E+11
 17  7.5817554389E+00  3.6517280933E+00  3.0000000000E+00  1.1000000000E+01  4.7666501678E+11
 18  7.2938371261E+00  3.9615861246E+00  1.0000000000E+00  1.1000000000E+01  5.2476222150E+11
 19  7.0822906654E+00  3.8605284505E+00  1.0000000000E+00  1.1000000000E+01  5.0785018665E+11
 20  8.7444547666E+00  2.0638017508E+00  5.0000000000E+00  1.1000000000E+01  4.3109517302E+11
 21  8.8863952179E+00  2.1820766325E+00  4.0000000000E+00  1.1000000000E+01  3.3877307666E+11
 22  8.3457552651E+00  1.9839929350E+00  4.0000000000E+00  1.2000000000E+01  3.0380439639E+11
 23  8.6232100417E+00  1.6527640669E+00  7.0000000000E+00  1.1000000000E+01  1.5695287583E+11
 24  7.3335327008E+00  4.7147496040E-01  7.0000000000E+00  8.0000000000E+00  5.1316976000E+10
 
 field : Diver2   ; Iter =    188391 ; region #   0 ; nb.Lev =  24
 k | --  Average --  | --  Std.Dev  -- | --     min  --  | --     max   -- | Vol
  0  5.2274898134E+00  4.6213087430E+00  1.0000000000E+00  7.8000000000E+01  2.8199008700E+13
  1  5.1301164212E+00  7.1102959338E+00  1.0000000000E+00  7.8000000000E+01  4.8770963680E+12
  2  5.1511369421E+00  6.2661954957E+00  2.0000000000E+00  7.8000000000E+01  3.6303798470E+12
  3  4.7877593135E+00  3.5544757268E+00  2.0000000000E+00  4.1000000000E+01  3.0452921075E+12
  4  4.2635343663E+00  2.8261529575E+00  2.0000000000E+00  1.4000000000E+01  2.4674263946E+12
  5  4.0019447058E+00  2.4050971826E+00  2.0000000000E+00  1.1000000000E+01  1.9578249370E+12
  6  4.1561616377E+00  2.4787970567E+00  2.0000000000E+00  1.1000000000E+01  1.7309547277E+12
  7  4.3741944564E+00  2.5429425807E+00  2.0000000000E+00  1.1000000000E+01  1.4953216074E+12
  8  4.5524647205E+00  2.6219549903E+00  2.0000000000E+00  1.1000000000E+01  1.2829423298E+12
  9  4.9007045591E+00  2.7407970098E+00  2.0000000000E+00  1.1000000000E+01  1.0031551290E+12
 10  5.3753108560E+00  2.9108318957E+00  2.0000000000E+00  1.1000000000E+01  8.0265770428E+11
 11  5.6115247159E+00  3.0702061286E+00  2.0000000000E+00  1.1000000000E+01  6.6327548622E+11
 12  5.8317910742E+00  3.3416652378E+00  2.0000000000E+00  1.1000000000E+01  5.6373029637E+11
 13  6.1108717815E+00  3.4498139208E+00  3.0000000000E+00  1.1000000000E+01  5.0322362276E+11
 14  6.5350433396E+00  3.5392495122E+00  3.0000000000E+00  1.1000000000E+01  4.7029031123E+11
 15  7.0484984955E+00  3.6043844146E+00  3.0000000000E+00  1.1000000000E+01  4.5969947791E+11
 16  7.5530030430E+00  3.5845464696E+00  3.0000000000E+00  1.1000000000E+01  4.5451843018E+11
 17  7.5817554389E+00  3.6517280933E+00  3.0000000000E+00  1.1000000000E+01  4.7666501678E+11
 18  7.2938371261E+00  3.9615861246E+00  1.0000000000E+00  1.1000000000E+01  5.2476222150E+11
 19  7.0822906654E+00  3.8605284505E+00  1.0000000000E+00  1.1000000000E+01  5.0785018665E+11
 20  8.7813080000E+00  2.0229900334E+00  5.0000000000E+00  1.1000000000E+01  4.3109517302E+11
 21  8.8863952179E+00  2.1820766325E+00  4.0000000000E+00  1.1000000000E+01  3.3877307666E+11
 22  8.4024717569E+00  1.8699667674E+00  5.0000000000E+00  1.2000000000E+01  3.0380439639E+11
 23  8.6232100417E+00  1.6527640669E+00  7.0000000000E+00  1.1000000000E+01  1.5695287583E+11
 24  7.3335327008E+00  4.7147496040E-01  7.0000000000E+00  8.0000000000E+00  5.1316976000E+10
 
 field : Diver2   ; Iter =    188392 ; region #   0 ; nb.Lev =  24
 k | --  Average --  | --  Std.Dev  -- | --     min  --  | --     max   -- | Vol
  0  5.2274893195E+00  4.6212208483E+00  1.0000000000E+00  7.8000000000E+01  2.8199008700E+13
  1  5.1301164212E+00  7.1102959338E+00  1.0000000000E+00  7.8000000000E+01  4.8770963680E+12
  2  5.1511369421E+00  6.2661954957E+00  2.0000000000E+00  7.8000000000E+01  3.6303798470E+12
  3  4.7877680112E+00  3.5548047675E+00  2.0000000000E+00  4.1000000000E+01  3.0452921075E+12
  4  4.2649133325E+00  2.8272436504E+00  2.0000000000E+00  1.4000000000E+01  2.4674263946E+12
  5  4.0019447058E+00  2.4050971826E+00  2.0000000000E+00  1.1000000000E+01  1.9578249370E+12
  6  4.1561616377E+00  2.4787970567E+00  2.0000000000E+00  1.1000000000E+01  1.7309547277E+12
  7  4.3741944564E+00  2.5429425807E+00  2.0000000000E+00  1.1000000000E+01  1.4953216074E+12
  8  4.5524647205E+00  2.6219549903E+00  2.0000000000E+00  1.1000000000E+01  1.2829423298E+12
  9  4.9007045591E+00  2.7407970098E+00  2.0000000000E+00  1.1000000000E+01  1.0031551290E+12
 10  5.3710248015E+00  2.9121173079E+00  2.0000000000E+00  1.1000000000E+01  8.0265770428E+11
 11  5.6115247159E+00  3.0702061286E+00  2.0000000000E+00  1.1000000000E+01  6.6327548622E+11
 12  5.8317910742E+00  3.3416652378E+00  2.0000000000E+00  1.1000000000E+01  5.6373029637E+11
 13  6.1108717815E+00  3.4498139208E+00  3.0000000000E+00  1.1000000000E+01  5.0322362276E+11
 14  6.5350433396E+00  3.5392495122E+00  3.0000000000E+00  1.1000000000E+01  4.7029031123E+11
 15  7.0484984955E+00  3.6043844146E+00  3.0000000000E+00  1.1000000000E+01  4.5969947791E+11
 16  7.5530030430E+00  3.5845464696E+00  3.0000000000E+00  1.1000000000E+01  4.5451843018E+11
 17  7.5817554389E+00  3.6517280933E+00  3.0000000000E+00  1.1000000000E+01  4.7666501678E+11
 18  7.2938371261E+00  3.9615861246E+00  1.0000000000E+00  1.1000000000E+01  5.2476222150E+11
 19  7.0822906654E+00  3.8605284505E+00  1.0000000000E+00  1.1000000000E+01  5.0785018665E+11
 20  8.7813080000E+00  2.0229900334E+00  5.0000000000E+00  1.1000000000E+01  4.3109517302E+11
 21  8.8863952179E+00  2.1820766325E+00  4.0000000000E+00  1.1000000000E+01  3.3877307666E+11
 22  8.4024629482E+00  1.8311409209E+00  5.0000000000E+00  1.2000000000E+01  3.0380439639E+11
 23  8.6232100417E+00  1.6527640669E+00  7.0000000000E+00  1.1000000000E+01  1.5695287583E+11
 24  7.3335327008E+00  4.7147496040E-01  7.0000000000E+00  8.0000000000E+00  5.1316976000E+10
 
# records End here.
