# header of file: FeT_stat
# frequency (s):       1200.000000
# phase (s)    :          0.000000
# Regions      :   0
# Fields       : TRAC03  
# Nb of levels :   24
# end of header ------------------------------------------------------------
 
 field : TRAC03   ; Iter =    188389 ; region #   0 ; nb.Lev =  24
 k | --  Average --  | --  Std.Dev  -- | --     min  --  | --     max   -- | Vol
  0  1.0856846308E-03  1.4469680602E-04  5.8864303060E-04  1.3876605030E-03  2.8199008700E+13
  1  1.1367168904E-03  1.7964368854E-04  5.8893524498E-04  1.3876562146E-03  4.8770963680E+12
  2  1.0830826122E-03  1.5715414836E-04  5.8864303060E-04  1.3876548255E-03  3.6303798470E+12
  3  1.0605311978E-03  1.3764097863E-04  6.5433600549E-04  1.3876555799E-03  3.0452921075E+12
  4  1.0476217923E-03  1.2984755090E-04  6.5676851377E-04  1.3876582687E-03  2.4674263946E+12
  5  1.0268562122E-03  1.0967346294E-04  6.6232800949E-04  1.3042190613E-03  1.9578249370E+12
  6  1.0246198216E-03  1.0095747960E-04  7.1103640916E-04  1.3033693167E-03  1.7309547277E+12
  7  1.0227337789E-03  9.5738976680E-05  7.1639955947E-04  1.2863158368E-03  1.4953216074E+12
  8  1.0248529233E-03  9.3702841060E-05  7.3732928418E-04  1.2897610985E-03  1.2829423298E+12
  9  1.0293512796E-03  9.4348846751E-05  8.8936173335E-04  1.3760833203E-03  1.0031551290E+12
 10  1.0430625589E-03  8.6441952535E-05  9.0348627441E-04  1.3139202253E-03  8.0265770428E+11
 11  1.0692647672E-03  9.0052221276E-05  9.3650363138E-04  1.3328833998E-03  6.6327548622E+11
 12  1.0956393540E-03  9.7157784867E-05  9.6725249483E-04  1.3876605030E-03  5.6373029637E+11
 13  1.1191083124E-03  1.0476975375E-04  9.8630460682E-04  1.3626625566E-03  5.0322362276E+11
 14  1.1342931752E-03  1.2157420353E-04  9.8915845115E-04  1.3772329888E-03  4.7029031123E+11
 15  1.1203899130E-03  1.1148905039E-04  9.9031192215E-04  1.3876553974E-03  4.5969947791E+11
 16  1.1020630745E-03  7.6381143152E-05  9.9357204352E-04  1.3876549002E-03  4.5451843018E+11
 17  1.1186467935E-03  5.4513628049E-05  1.0114312975E-03  1.2109112346E-03  4.7666501678E+11
 18  1.1355125491E-03  6.6783134635E-05  1.0142352613E-03  1.2551204893E-03  5.2476222150E+11
 19  1.1510355359E-03  6.9082221257E-05  1.0184067382E-03  1.2686687617E-03  5.0785018665E+11
 20  1.2086725683E-03  7.2427071566E-05  1.0200248557E-03  1.3310159207E-03  4.3109517302E+11
 21  1.3176371090E-03  4.2422857505E-05  1.2220329484E-03  1.3876494444E-03  3.3877307666E+11
 22  1.3737322967E-03  1.6687918347E-05  1.3443938728E-03  1.3876584575E-03  3.0380439639E+11
 23  1.3876548509E-03  3.0662788057E-10  1.3876545546E-03  1.3876555041E-03  1.5695287583E+11
 24  1.3876569618E-03  4.0797300663E-10  1.3876564392E-03  1.3876574351E-03  5.1316976000E+10
 
 field : TRAC03   ; Iter =    188390 ; region #   0 ; nb.Lev =  24
 k | --  Average --  | --  Std.Dev  -- | --     min  --  | --     max   -- | Vol
  0  1.0856995724E-03  1.4468434557E-04  5.8883013946E-04  1.3876604593E-03  2.8199008700E+13
  1  1.1367372443E-03  1.7961970760E-04  5.8905722450E-04  1.3876562148E-03  4.8770963680E+12
  2  1.0831092265E-03  1.5712856019E-04  5.8883013946E-04  1.3876548285E-03  3.6303798470E+12
  3  1.0605677305E-03  1.3761562509E-04  6.5463781622E-04  1.3876555792E-03  3.0452921075E+12
  4  1.0476454655E-03  1.2983941804E-04  6.5685783216E-04  1.3876582771E-03  2.4674263946E+12
  5  1.0268469777E-03  1.0969645009E-04  6.6233111042E-04  1.3042157229E-03  1.9578249370E+12
  6  1.0246043033E-03  1.0098665421E-04  7.1089490956E-04  1.3033704646E-03  1.7309547277E+12
  7  1.0227411953E-03  9.5726415506E-05  7.1626073527E-04  1.2863180048E-03  1.4953216074E+12
  8  1.0248875139E-03  9.3688598097E-05  7.3719730308E-04  1.2897467652E-03  1.2829423298E+12
  9  1.0293883051E-03  9.4340395032E-05  8.8937188928E-04  1.3760853042E-03  1.0031551290E+12
 10  1.0430797580E-03  8.6462386580E-05  9.0353094441E-04  1.3139821820E-03  8.0265770428E+11
 11  1.0692624328E-03  9.0052894969E-05  9.3651401948E-04  1.3329124745E-03  6.6327548622E+11
 12  1.0956250590E-03  9.7157990325E-05  9.6726247045E-04  1.3876604593E-03  5.6373029637E+11
 13  1.1190928818E-03  1.0476228464E-04  9.8629589819E-04  1.3625700634E-03  5.0322362276E+11
 14  1.1342813724E-03  1.2155770854E-04  9.8915929881E-04  1.3772452171E-03  4.7029031123E+11
 15  1.1203886610E-03  1.1147833977E-04  9.9030437993E-04  1.3876553979E-03  4.5969947791E+11
 16  1.1020646918E-03  7.6367818591E-05  9.9359077273E-04  1.3876548955E-03  4.5451843018E+11
 17  1.1186509904E-03  5.4463081938E-05  1.0114231555E-03  1.2101971819E-03  4.7666501678E+11
 18  1.1355278138E-03  6.6777376850E-05  1.0142368191E-03  1.2552824977E-03  5.2476222150E+11
 19  1.1510226427E-03  6.9086175448E-05  1.0184040206E-03  1.2685344280E-03  5.0785018665E+11
 20  1.2087051589E-03  7.2349033815E-05  1.0200366215E-03  1.3309971629E-03  4.3109517302E+11
 21  1.3176345182E-03  4.2391958652E-05  1.2225065541E-03  1.3876506348E-03  3.3877307666E+11
 22  1.3737337425E-03  1.6665900058E-05  1.3445930725E-03  1.3876584599E-03  3.0380439639E+11
 23  1.3876548528E-03  3.0662788057E-10  1.3876545682E-03  1.3876555043E-03  1.5695287583E+11
 24  1.3876569603E-03  4.0797300663E-10  1.3876564371E-03  1.3876574347E-03  5.1316976000E+10
 
 field : TRAC03   ; Iter =    188391 ; region #   0 ; nb.Lev =  24
 k | --  Average --  | --  Std.Dev  -- | --     min  --  | --     max   -- | Vol
  0  1.0857131060E-03  1.4467157257E-04  5.8902087772E-04  1.3876604127E-03  2.8199008700E+13
  1  1.1367557789E-03  1.7959519337E-04  5.8919562841E-04  1.3876562147E-03  4.8770963680E+12
  2  1.0831302250E-03  1.5710516914E-04  5.8902087772E-04  1.3876548282E-03  3.6303798470E+12
  3  1.0606004554E-03  1.3759017748E-04  6.5495501904E-04  1.3876555784E-03  3.0452921075E+12
  4  1.0476693445E-03  1.2982789719E-04  6.5699633667E-04  1.3876582842E-03  2.4674263946E+12
  5  1.0268409045E-03  1.0971501673E-04  6.6234657104E-04  1.3042126069E-03  1.9578249370E+12
  6  1.0245914659E-03  1.0101268184E-04  7.1077410750E-04  1.3033714788E-03  1.7309547277E+12
  7  1.0227461383E-03  9.5716128426E-05  7.1613261929E-04  1.2863201907E-03  1.4953216074E+12
  8  1.0249202694E-03  9.3675091648E-05  7.3707484863E-04  1.2897344500E-03  1.2829423298E+12
  9  1.0294218988E-03  9.4334668074E-05  8.8938299895E-04  1.3760874972E-03  1.0031551290E+12
 10  1.0430947228E-03  8.6483412459E-05  9.0357695199E-04  1.3140442103E-03  8.0265770428E+11
 11  1.0692597007E-03  9.0051713490E-05  9.3652464232E-04  1.3329414934E-03  6.6327548622E+11
 12  1.0956122816E-03  9.7156295608E-05  9.6727238692E-04  1.3876604127E-03  5.6373029637E+11
 13  1.1190786088E-03  1.0475623657E-04  9.8628813172E-04  1.3624786053E-03  5.0322362276E+11
 14  1.1342696679E-03  1.2154182486E-04  9.8916051154E-04  1.3772571756E-03  4.7029031123E+11
 15  1.1203872614E-03  1.1146762126E-04  9.9029719092E-04  1.3876553983E-03  4.5969947791E+11
 16  1.1020672286E-03  7.6353980841E-05  9.9360943643E-04  1.3876548910E-03  4.5451843018E+11
 17  1.1186555120E-03  5.4413486056E-05  1.0114153661E-03  1.2095141742E-03  4.7666501678E+11
 18  1.1355432897E-03  6.6771775277E-05  1.0142379601E-03  1.2554436027E-03  5.2476222150E+11
 19  1.1510103775E-03  6.9091914458E-05  1.0184012046E-03  1.2683994214E-03  5.0785018665E+11
 20  1.2087361381E-03  7.2272907647E-05  1.0200483523E-03  1.3309781009E-03  4.3109517302E+11
 21  1.3176312545E-03  4.2363158674E-05  1.2229671252E-03  1.3876511349E-03  3.3877307666E+11
 22  1.3737347670E-03  1.6645221059E-05  1.3447854601E-03  1.3876584623E-03  3.0380439639E+11
 23  1.3876548547E-03  3.0524354899E-10  1.3876545811E-03  1.3876555046E-03  1.5695287583E+11
 24  1.3876569587E-03  4.0900978849E-10  1.3876564350E-03  1.3876574343E-03  5.1316976000E+10
 
 field : TRAC03   ; Iter =    188392 ; region #   0 ; nb.Lev =  24
 k | --  Average --  | --  Std.Dev  -- | --     min  --  | --     max   -- | Vol
  0  1.0857269570E-03  1.4465886199E-04  5.8921514142E-04  1.3876603634E-03  2.8199008700E+13
  1  1.1367753593E-03  1.7957033544E-04  5.8934793913E-04  1.3876562145E-03  4.8770963680E+12
  2  1.0831513495E-03  1.5708363998E-04  5.8921514142E-04  1.3876548281E-03  3.6303798470E+12
  3  1.0606333782E-03  1.3756609461E-04  6.5527975604E-04  1.3876555777E-03  3.0452921075E+12
  4  1.0476941349E-03  1.2981506268E-04  6.5717172806E-04  1.3876582914E-03  2.4674263946E+12
  5  1.0268379036E-03  1.0972936991E-04  6.6237503902E-04  1.3042097100E-03  1.9578249370E+12
  6  1.0245794826E-03  1.0103579657E-04  7.1067169829E-04  1.3033723556E-03  1.7309547277E+12
  7  1.0227465767E-03  9.5707676005E-05  7.1601526894E-04  1.2863224105E-03  1.4953216074E+12
  8  1.0249545112E-03  9.3662496587E-05  7.3696078337E-04  1.2897245616E-03  1.2829423298E+12
  9  1.0294544269E-03  9.4330443169E-05  8.8939495392E-04  1.3760898442E-03  1.0031551290E+12
 10  1.0431072608E-03  8.6505038299E-05  9.0362161819E-04  1.3141063074E-03  8.0265770428E+11
 11  1.0692564680E-03  9.0048648804E-05  9.3653543922E-04  1.3329706418E-03  6.6327548622E+11
 12  1.0956011792E-03  9.7153180887E-05  9.6728205160E-04  1.3876603634E-03  5.6373029637E+11
 13  1.1190654566E-03  1.0475172570E-04  9.8628079899E-04  1.3623885278E-03  5.0322362276E+11
 14  1.1342580741E-03  1.2152663229E-04  9.8916197422E-04  1.3772689738E-03  4.7029031123E+11
 15  1.1203857021E-03  1.1145697393E-04  9.9029034226E-04  1.3876553988E-03  4.5969947791E+11
 16  1.1020706136E-03  7.6339724086E-05  9.9362803061E-04  1.3876548869E-03  4.5451843018E+11
 17  1.1186602177E-03  5.4365125101E-05  1.0114078818E-03  1.2088643867E-03  4.7666501678E+11
 18  1.1355589026E-03  6.6766307595E-05  1.0142386529E-03  1.2556040464E-03  5.2476222150E+11
 19  1.1509986882E-03  6.9099416321E-05  1.0183982553E-03  1.2682639050E-03  5.0785018665E+11
 20  1.2087653854E-03  7.2199138534E-05  1.0200600374E-03  1.3309587832E-03  4.3109517302E+11
 21  1.3176273494E-03  4.2336919598E-05  1.2234113208E-03  1.3876515189E-03  3.3877307666E+11
 22  1.3737353482E-03  1.6626026311E-05  1.3449696197E-03  1.3876584646E-03  3.0380439639E+11
 23  1.3876548566E-03  3.0524354899E-10  1.3876545898E-03  1.3876555049E-03  1.5695287583E+11
 24  1.3876569572E-03  4.1004394890E-10  1.3876564329E-03  1.3876574339E-03  5.1316976000E+10
 
# records End here.
