# header of file: PP_stat
# frequency (s):       1200.000000
# phase (s)    :          0.000000
# Regions      :   0
# Fields       : PP      
# Nb of levels :   24
# end of header ------------------------------------------------------------
 
 field : PP       ; Iter =    188389 ; region #   0 ; nb.Lev =  24
 k | --  Average --  | --  Std.Dev  -- | --     min  --  | --     max   -- | Vol
  0  1.6768578602E-09  6.3205032365E-09  0.0000000000E+00  9.6708921388E-08  2.8199008700E+13
  1  3.2233213582E-09  9.5861463853E-09  0.0000000000E+00  9.6708921388E-08  4.8770963680E+12
  2  3.4346842835E-09  9.1800843808E-09  0.0000000000E+00  5.8338206163E-08  3.6303798470E+12
  3  2.9374662936E-09  7.3568859371E-09  0.0000000000E+00  4.8301080104E-08  3.0452921075E+12
  4  2.1224032284E-09  6.8813901412E-09  0.0000000000E+00  9.3346116845E-08  2.4674263946E+12
  5  1.2063555901E-09  3.5814053139E-09  0.0000000000E+00  2.5651619408E-08  1.9578249370E+12
  6  7.2064313675E-10  2.0230799746E-09  0.0000000000E+00  1.0462000432E-08  1.7309547277E+12
  7  4.3081158378E-10  1.1443240311E-09  0.0000000000E+00  6.2184496989E-09  1.4953216074E+12
  8  2.5874168208E-10  6.7402069869E-10  0.0000000000E+00  3.7335815869E-09  1.2829423298E+12
  9  1.6473855089E-10  3.9657676955E-10  0.0000000000E+00  2.2273932946E-09  1.0031551290E+12
 10  1.1548550122E-10  2.6233116592E-10  0.0000000000E+00  1.4516880600E-09  8.0265770428E+11
 11  7.3770028317E-11  1.6748990859E-10  0.0000000000E+00  9.4109306597E-10  6.6327548622E+11
 12  3.3819072497E-11  9.4117770774E-11  0.0000000000E+00  5.5798033725E-10  5.6373029637E+11
 13  4.8103170725E-12  1.8915827889E-11  0.0000000000E+00  1.0595163577E-10  5.0322362276E+11
 14  0.0000000000E+00  0.0000000000E+00  0.0000000000E+00  0.0000000000E+00  4.7029031123E+11
 15  0.0000000000E+00  0.0000000000E+00  0.0000000000E+00  0.0000000000E+00  4.5969947791E+11
 16  0.0000000000E+00  0.0000000000E+00  0.0000000000E+00  0.0000000000E+00  4.5451843018E+11
 17  0.0000000000E+00  0.0000000000E+00  0.0000000000E+00  0.0000000000E+00  4.7666501678E+11
 18  0.0000000000E+00  0.0000000000E+00  0.0000000000E+00  0.0000000000E+00  5.2476222150E+11
 19  0.0000000000E+00  0.0000000000E+00  0.0000000000E+00  0.0000000000E+00  5.0785018665E+11
 20  0.0000000000E+00  0.0000000000E+00  0.0000000000E+00  0.0000000000E+00  4.3109517302E+11
 21  0.0000000000E+00  0.0000000000E+00  0.0000000000E+00  0.0000000000E+00  3.3877307666E+11
 22  0.0000000000E+00  0.0000000000E+00  0.0000000000E+00  0.0000000000E+00  3.0380439639E+11
 23  0.0000000000E+00  0.0000000000E+00  0.0000000000E+00  0.0000000000E+00  1.5695287583E+11
 24  0.0000000000E+00  0.0000000000E+00  0.0000000000E+00  0.0000000000E+00  5.1316976000E+10
 
 field : PP       ; Iter =    188390 ; region #   0 ; nb.Lev =  24
 k | --  Average --  | --  Std.Dev  -- | --     min  --  | --     max   -- | Vol
  0  1.6744217211E-09  6.3177755937E-09  0.0000000000E+00  9.6659353220E-08  2.8199008700E+13
  1  3.2251860243E-09  9.5914935063E-09  0.0000000000E+00  9.6659353220E-08  4.8770963680E+12
  2  3.4378983701E-09  9.1891089420E-09  0.0000000000E+00  5.8329114928E-08  3.6303798470E+12
  3  2.9346301442E-09  7.3525418249E-09  0.0000000000E+00  4.8237720340E-08  3.0452921075E+12
  4  2.1101490018E-09  6.8415833753E-09  0.0000000000E+00  9.2836291464E-08  2.4674263946E+12
  5  1.1947974617E-09  3.5491536046E-09  0.0000000000E+00  2.5369578764E-08  1.9578249370E+12
  6  7.1298547094E-10  2.0032501098E-09  0.0000000000E+00  1.0295218617E-08  1.7309547277E+12
  7  4.2615206976E-10  1.1337917654E-09  0.0000000000E+00  6.1688052335E-09  1.4953216074E+12
  8  2.5588098493E-10  6.6800971561E-10  0.0000000000E+00  3.7035275340E-09  1.2829423298E+12
  9  1.6269488512E-10  3.9230685068E-10  0.0000000000E+00  2.2090186985E-09  1.0031551290E+12
 10  1.1405046721E-10  2.5953132124E-10  0.0000000000E+00  1.4375639712E-09  8.0265770428E+11
 11  7.2870873653E-11  1.6579159137E-10  0.0000000000E+00  9.3310774119E-10  6.6327548622E+11
 12  3.3427717769E-11  9.3247310006E-11  0.0000000000E+00  5.5357932830E-10  5.6373029637E+11
 13  4.7198872009E-12  1.8559812012E-11  0.0000000000E+00  1.0390122891E-10  5.0322362276E+11
 14  0.0000000000E+00  0.0000000000E+00  0.0000000000E+00  0.0000000000E+00  4.7029031123E+11
 15  0.0000000000E+00  0.0000000000E+00  0.0000000000E+00  0.0000000000E+00  4.5969947791E+11
 16  0.0000000000E+00  0.0000000000E+00  0.0000000000E+00  0.0000000000E+00  4.5451843018E+11
 17  0.0000000000E+00  0.0000000000E+00  0.0000000000E+00  0.0000000000E+00  4.7666501678E+11
 18  0.0000000000E+00  0.0000000000E+00  0.0000000000E+00  0.0000000000E+00  5.2476222150E+11
 19  0.0000000000E+00  0.0000000000E+00  0.0000000000E+00  0.0000000000E+00  5.0785018665E+11
 20  0.0000000000E+00  0.0000000000E+00  0.0000000000E+00  0.0000000000E+00  4.3109517302E+11
 21  0.0000000000E+00  0.0000000000E+00  0.0000000000E+00  0.0000000000E+00  3.3877307666E+11
 22  0.0000000000E+00  0.0000000000E+00  0.0000000000E+00  0.0000000000E+00  3.0380439639E+11
 23  0.0000000000E+00  0.0000000000E+00  0.0000000000E+00  0.0000000000E+00  1.5695287583E+11
 24  0.0000000000E+00  0.0000000000E+00  0.0000000000E+00  0.0000000000E+00  5.1316976000E+10
 
 field : PP       ; Iter =    188391 ; region #   0 ; nb.Lev =  24
 k | --  Average --  | --  Std.Dev  -- | --     min  --  | --     max   -- | Vol
  0  1.6717241448E-09  6.3143405659E-09  0.0000000000E+00  9.6588595811E-08  2.8199008700E+13
  1  3.2266502893E-09  9.5949951348E-09  0.0000000000E+00  9.6588595811E-08  4.8770963680E+12
  2  3.4408079132E-09  9.1978305580E-09  0.0000000000E+00  5.8317808663E-08  3.6303798470E+12
  3  2.9315628668E-09  7.3475796246E-09  0.0000000000E+00  4.8159683551E-08  3.0452921075E+12
  4  2.0976763286E-09  6.8006774079E-09  0.0000000000E+00  9.2298842154E-08  2.4674263946E+12
  5  1.1830982861E-09  3.5165106385E-09  0.0000000000E+00  2.5080022925E-08  1.9578249370E+12
  6  7.0525140193E-10  1.9832834635E-09  0.0000000000E+00  1.0126791331E-08  1.7309547277E+12
  7  4.2145615187E-10  1.1232201684E-09  0.0000000000E+00  6.1187876084E-09  1.4953216074E+12
  8  2.5300835278E-10  6.6200075167E-10  0.0000000000E+00  3.6731918476E-09  1.2829423298E+12
  9  1.6065046662E-10  3.8804892670E-10  0.0000000000E+00  2.1904916127E-09  1.0031551290E+12
 10  1.1261549942E-10  2.5673719990E-10  0.0000000000E+00  1.4232884080E-09  8.0265770428E+11
 11  6.8882478526E-11  1.6209303464E-10  0.0000000000E+00  9.2487727284E-10  6.6327548622E+11
 12  3.2072923824E-11  9.1950740480E-11  0.0000000000E+00  5.4905564880E-10  5.6373029637E+11
 13  4.6293969405E-12  1.8203692242E-11  0.0000000000E+00  1.0185259191E-10  5.0322362276E+11
 14  0.0000000000E+00  0.0000000000E+00  0.0000000000E+00  0.0000000000E+00  4.7029031123E+11
 15  0.0000000000E+00  0.0000000000E+00  0.0000000000E+00  0.0000000000E+00  4.5969947791E+11
 16  0.0000000000E+00  0.0000000000E+00  0.0000000000E+00  0.0000000000E+00  4.5451843018E+11
 17  0.0000000000E+00  0.0000000000E+00  0.0000000000E+00  0.0000000000E+00  4.7666501678E+11
 18  0.0000000000E+00  0.0000000000E+00  0.0000000000E+00  0.0000000000E+00  5.2476222150E+11
 19  0.0000000000E+00  0.0000000000E+00  0.0000000000E+00  0.0000000000E+00  5.0785018665E+11
 20  0.0000000000E+00  0.0000000000E+00  0.0000000000E+00  0.0000000000E+00  4.3109517302E+11
 21  0.0000000000E+00  0.0000000000E+00  0.0000000000E+00  0.0000000000E+00  3.3877307666E+11
 22  0.0000000000E+00  0.0000000000E+00  0.0000000000E+00  0.0000000000E+00  3.0380439639E+11
 23  0.0000000000E+00  0.0000000000E+00  0.0000000000E+00  0.0000000000E+00  1.5695287583E+11
 24  0.0000000000E+00  0.0000000000E+00  0.0000000000E+00  0.0000000000E+00  5.1316976000E+10
 
 field : PP       ; Iter =    188392 ; region #   0 ; nb.Lev =  24
 k | --  Average --  | --  Std.Dev  -- | --     min  --  | --     max   -- | Vol
  0  1.6689348864E-09  6.3103437077E-09  0.0000000000E+00  9.6491662936E-08  2.8199008700E+13
  1  3.2278530479E-09  9.5974887772E-09  0.0000000000E+00  9.6491662936E-08  4.8770963680E+12
  2  3.4433385456E-09  9.2061841824E-09  0.0000000000E+00  5.8522747270E-08  3.6303798470E+12
  3  2.9281619256E-09  7.3418026876E-09  0.0000000000E+00  4.8066242336E-08  3.0452921075E+12
  4  2.0849819828E-09  6.7586675433E-09  0.0000000000E+00  9.1733233194E-08  2.4674263946E+12
  5  1.1712592371E-09  3.4834838963E-09  0.0000000000E+00  2.4782728389E-08  1.9578249370E+12
  6  6.9744369373E-10  1.9631981542E-09  0.0000000000E+00  1.0015036829E-08  1.7309547277E+12
  7  4.1672483359E-10  1.1126177864E-09  0.0000000000E+00  6.0683740174E-09  1.4953216074E+12
  8  2.5012388248E-10  6.5599555911E-10  0.0000000000E+00  3.6425548532E-09  1.2829423298E+12
  9  1.5860554527E-10  3.8380452917E-10  0.0000000000E+00  2.1718100412E-09  1.0031551290E+12
 10  1.1118123537E-10  2.5395193693E-10  0.0000000000E+00  1.4089465672E-09  8.0265770428E+11
 11  6.8029011878E-11  1.6042853098E-10  0.0000000000E+00  9.1640835721E-10  6.6327548622E+11
 12  3.1706178351E-11  9.1103922273E-11  0.0000000000E+00  5.4440134096E-10  5.6373029637E+11
 13  3.4693295416E-12  1.5437894544E-11  0.0000000000E+00  9.0107855593E-11  5.0322362276E+11
 14  0.0000000000E+00  0.0000000000E+00  0.0000000000E+00  0.0000000000E+00  4.7029031123E+11
 15  0.0000000000E+00  0.0000000000E+00  0.0000000000E+00  0.0000000000E+00  4.5969947791E+11
 16  0.0000000000E+00  0.0000000000E+00  0.0000000000E+00  0.0000000000E+00  4.5451843018E+11
 17  0.0000000000E+00  0.0000000000E+00  0.0000000000E+00  0.0000000000E+00  4.7666501678E+11
 18  0.0000000000E+00  0.0000000000E+00  0.0000000000E+00  0.0000000000E+00  5.2476222150E+11
 19  0.0000000000E+00  0.0000000000E+00  0.0000000000E+00  0.0000000000E+00  5.0785018665E+11
 20  0.0000000000E+00  0.0000000000E+00  0.0000000000E+00  0.0000000000E+00  4.3109517302E+11
 21  0.0000000000E+00  0.0000000000E+00  0.0000000000E+00  0.0000000000E+00  3.3877307666E+11
 22  0.0000000000E+00  0.0000000000E+00  0.0000000000E+00  0.0000000000E+00  3.0380439639E+11
 23  0.0000000000E+00  0.0000000000E+00  0.0000000000E+00  0.0000000000E+00  1.5695287583E+11
 24  0.0000000000E+00  0.0000000000E+00  0.0000000000E+00  0.0000000000E+00  5.1316976000E+10
 
# records End here.
