# header of file: PAR_stat
# frequency (s):       1200.000000
# phase (s)    :          0.000000
# Regions      :   0
# Fields       : PAR     
# Nb of levels :   24
# end of header ------------------------------------------------------------
 
 field : PAR      ; Iter =    188389 ; region #   0 ; nb.Lev =  24
 k | --  Average --  | --  Std.Dev  -- | --     min  --  | --     max   -- | Vol
  0  5.1135623690E+01  7.0750677727E+01 -0.0000000000E+00  2.9021525799E+02  2.8199008700E+13
  1  1.5771813145E+02  8.6193954018E+01 -0.0000000000E+00  2.9021525799E+02  4.8770963680E+12
  2  9.3397339114E+01  4.8460233070E+01 -0.0000000000E+00  1.9190110320E+02  3.6303798470E+12
  3  5.4633078950E+01  3.0088652678E+01 -0.0000000000E+00  1.2823399611E+02  3.0452921075E+12
  4  3.3279111166E+01  1.9482237719E+01 -0.0000000000E+00  8.5845071233E+01  2.4674263946E+12
  5  1.9700561744E+01  1.2251797093E+01 -0.0000000000E+00  4.4124602761E+01  1.9578249370E+12
  6  1.2193840157E+01  7.9771190239E+00 -0.0000000000E+00  2.8938553766E+01  1.7309547277E+12
  7  7.8163868967E+00  5.2398748788E+00 -0.0000000000E+00  1.9162536659E+01  1.4953216074E+12
  8  5.1197027714E+00  3.5204571697E+00 -0.0000000000E+00  1.2759599166E+01  1.2829423298E+12
  9  3.3726012811E+00  2.3470067451E+00 -0.0000000000E+00  8.1073824346E+00  1.0031551290E+12
 10  2.2244075344E+00  1.6518739389E+00 -0.0000000000E+00  5.4103641057E+00  8.0265770428E+11
 11  1.4728127358E+00  1.1313770392E+00 -0.0000000000E+00  3.5938634822E+00  6.6327548622E+11
 12  9.5989767130E-01  7.5133554178E-01 -0.0000000000E+00  2.3555017323E+00  5.6373029637E+11
 13  6.0192198751E-01  4.7888453814E-01 -0.0000000000E+00  1.5001144474E+00  5.0322362276E+11
 14  3.3664246290E-01  2.8310230034E-01 -0.0000000000E+00  9.0659383675E-01  4.7029031123E+11
 15  1.6996553876E-01  1.5308431307E-01 -0.0000000000E+00  4.9717732044E-01  4.5969947791E+11
 16  7.3894486958E-02  6.7055920257E-02 -0.0000000000E+00  2.1887183856E-01  4.5451843018E+11
 17  2.6635201301E-02  2.5622271450E-02 -0.0000000000E+00  8.9471870037E-02  4.7666501678E+11
 18  8.9990797415E-03  7.9193252909E-03 -0.0000000000E+00  2.4919893185E-02  5.2476222150E+11
 19  2.4665752211E-03  1.8869876841E-03 -0.0000000000E+00  6.2018307343E-03  5.0785018665E+11
 20  5.9594266198E-04  2.6485585763E-04  1.9317214950E-04  1.1346642395E-03  4.3109517302E+11
 21  7.5276957133E-05  3.3317694817E-05  3.5780067568E-05  1.4017596037E-04  3.3877307666E+11
 22  6.4911529637E-06  2.4401906506E-06  3.3273723543E-06  1.3103626767E-05  3.0380439639E+11
 23  4.5091567886E-07  1.6062193487E-07  2.2325796489E-07  7.0449181376E-07  1.5695287583E+11
 24  2.9344061422E-08  3.8305531580E-09  2.6251633716E-08  3.4739476340E-08  5.1316976000E+10
 
 field : PAR      ; Iter =    188390 ; region #   0 ; nb.Lev =  24
 k | --  Average --  | --  Std.Dev  -- | --     min  --  | --     max   -- | Vol
  0  5.0248348916E+01  6.9573987586E+01 -0.0000000000E+00  2.8417893876E+02  2.8199008700E+13
  1  1.5499829827E+02  8.4945157658E+01 -0.0000000000E+00  2.8417893876E+02  4.8770963680E+12
  2  9.1805623031E+01  4.7579577754E+01 -0.0000000000E+00  1.8809758982E+02  3.6303798470E+12
  3  5.3677000722E+01  2.9474608034E+01 -0.0000000000E+00  1.2561664480E+02  3.0452921075E+12
  4  3.2651576388E+01  1.9088298412E+01 -0.0000000000E+00  8.3940661673E+01  2.4674263946E+12
  5  1.9343150841E+01  1.2024931009E+01 -0.0000000000E+00  4.3321302586E+01  1.9578249370E+12
  6  1.1971712648E+01  7.8253881754E+00 -0.0000000000E+00  2.8411356703E+01  1.7309547277E+12
  7  7.6802272052E+00  5.1445094714E+00 -0.0000000000E+00  1.8813156342E+01  1.4953216074E+12
  8  5.0304553199E+00  3.4538270653E+00 -0.0000000000E+00  1.2526877941E+01  1.2829423298E+12
  9  3.3164857334E+00  2.3056338255E+00 -0.0000000000E+00  8.0301472782E+00  1.0031551290E+12
 10  2.1890041324E+00  1.6249284558E+00 -0.0000000000E+00  5.3588203326E+00  8.0265770428E+11
 11  1.4514083469E+00  1.1148343346E+00 -0.0000000000E+00  3.5596192862E+00  6.6327548622E+11
 12  9.4616456602E-01  7.4066716593E-01 -0.0000000000E+00  2.3330563076E+00  5.6373029637E+11
 13  5.9394769921E-01  4.7281044432E-01 -0.0000000000E+00  1.4858199112E+00  5.0322362276E+11
 14  3.3226857773E-01  2.7946852295E-01 -0.0000000000E+00  8.9795493833E-01  4.7029031123E+11
 15  1.6763306047E-01  1.5086998281E-01 -0.0000000000E+00  4.9169141902E-01  4.5969947791E+11
 16  7.2816851845E-02  6.6003802839E-02 -0.0000000000E+00  2.1399191105E-01  4.5451843018E+11
 17  2.6223186470E-02  2.5192750668E-02 -0.0000000000E+00  8.7476926857E-02  4.7666501678E+11
 18  8.8638965740E-03  7.7922160505E-03 -0.0000000000E+00  2.4424883079E-02  5.2476222150E+11
 19  2.4295831068E-03  1.8562814566E-03 -0.0000000000E+00  6.0786179772E-03  5.0785018665E+11
 20  5.8665144654E-04  2.5988431564E-04  1.9154360234E-04  1.1121216170E-03  4.3109517302E+11
 21  7.3947489817E-05  3.2588637915E-05  3.5179968267E-05  1.3731171742E-04  3.3877307666E+11
 22  6.3782119897E-06  2.3856811480E-06  3.2714445176E-06  1.2835875452E-05  3.0380439639E+11
 23  4.4262570910E-07  1.5732312071E-07  2.1950516218E-07  6.9134880321E-07  1.5695287583E+11
 24  2.8795086767E-08  3.7591967853E-09  2.5774168282E-08  3.4091376114E-08  5.1316976000E+10
 
 field : PAR      ; Iter =    188391 ; region #   0 ; nb.Lev =  24
 k | --  Average --  | --  Std.Dev  -- | --     min  --  | --     max   -- | Vol
  0  4.9360886716E+01  6.8416804978E+01 -0.0000000000E+00  2.7814261908E+02  2.8199008700E+13
  1  1.5227827750E+02  8.3761550215E+01 -0.0000000000E+00  2.7814261908E+02  4.8770963680E+12
  2  9.0213377372E+01  4.6744427614E+01 -0.0000000000E+00  1.8429407750E+02  3.6303798470E+12
  3  5.2720583831E+01  2.8886154183E+01 -0.0000000000E+00  1.2299928840E+02  3.0452921075E+12
  4  3.2023966114E+01  1.8708347708E+01 -0.0000000000E+00  8.2138150172E+01  2.4674263946E+12
  5  1.8985395677E+01  1.1804841757E+01 -0.0000000000E+00  4.2518905760E+01  1.9578249370E+12
  6  1.1749384019E+01  7.6780845727E+00 -0.0000000000E+00  2.7884837795E+01  1.7309547277E+12
  7  7.5439896838E+00  5.0517843935E+00 -0.0000000000E+00  1.8464250296E+01  1.4953216074E+12
  8  4.9411543028E+00  3.3889610785E+00 -0.0000000000E+00  1.2294477412E+01  1.2829423298E+12
  9  3.2603446755E+00  2.2652043431E+00 -0.0000000000E+00  7.9529581374E+00  1.0031551290E+12
 10  2.1535882090E+00  1.5985235590E+00 -0.0000000000E+00  5.3073164397E+00  8.0265770428E+11
 11  1.4299885505E+00  1.0985730193E+00 -0.0000000000E+00  3.5254045352E+00  6.6327548622E+11
 12  9.3244447970E-01  7.3016583982E-01 -0.0000000000E+00  2.3106305958E+00  5.6373029637E+11
 13  5.8598722166E-01  4.6680837404E-01 -0.0000000000E+00  1.4715379601E+00  5.0322362276E+11
 14  3.2790385851E-01  2.7586654754E-01 -0.0000000000E+00  8.8932364750E-01  4.7029031123E+11
 15  1.6530626583E-01  1.4867121897E-01 -0.0000000000E+00  4.8620859756E-01  4.5969947791E+11
 16  7.1741474025E-02  6.4960408402E-02 -0.0000000000E+00  2.0912369937E-01  4.5451843018E+11
 17  2.5812066074E-02  2.4766268423E-02 -0.0000000000E+00  8.5486775795E-02  4.7666501678E+11
 18  8.7290410623E-03  7.6660723620E-03 -0.0000000000E+00  2.3929950787E-02  5.2476222150E+11
 19  2.3927122994E-03  1.8258731075E-03 -0.0000000000E+00  5.9554254405E-03  5.0785018665E+11
 20  5.7739381329E-04  2.5497922435E-04  1.8985103221E-04  1.0895826952E-03  4.3109517302E+11
 21  7.2623669781E-05  3.1864268267E-05  3.4581946465E-05  1.3445151797E-04  3.3877307666E+11
 22  6.2657678137E-06  2.3315928871E-06  3.2157126021E-06  1.2568502167E-05  3.0380439639E+11
 23  4.3436186904E-07  1.5407390507E-07  2.1576550605E-07  6.7829995871E-07  1.5695287583E+11
 24  2.8249259110E-08  3.6889787367E-09  2.5298411064E-08  3.3447919348E-08  5.1316976000E+10
 
 field : PAR      ; Iter =    188392 ; region #   0 ; nb.Lev =  24
 k | --  Average --  | --  Std.Dev  -- | --     min  --  | --     max   -- | Vol
  0  4.8472458427E+01  6.7279399267E+01 -0.0000000000E+00  2.7210629900E+02  2.8199008700E+13
  1  1.4955610999E+02  8.2645833389E+01 -0.0000000000E+00  2.7210629900E+02  4.8770963680E+12
  2  8.8618908490E+01  4.5956731293E+01 -0.0000000000E+00  1.8049056631E+02  3.6303798470E+12
  3  5.1762590492E+01  2.8324122630E+01 -0.0000000000E+00  1.2038191504E+02  3.0452921075E+12
  4  3.1395314887E+01  1.8342485711E+01 -0.0000000000E+00  8.0335666505E+01  2.4674263946E+12
  5  1.8627266966E+01  1.1592052434E+01 -0.0000000000E+00  4.1717384614E+01  1.9578249370E+12
  6  1.1526835510E+01  7.5355702471E+00 -0.0000000000E+00  2.7358971723E+01  1.7309547277E+12
  7  7.4076826052E+00  4.9618705568E+00 -0.0000000000E+00  1.8115800506E+01  1.4953216074E+12
  8  4.8517937837E+00  3.3259836960E+00 -0.0000000000E+00  1.2062385533E+01  1.2829423298E+12
  9  3.2041725909E+00  2.2257853608E+00 -0.0000000000E+00  7.8758076095E+00  1.0031551290E+12
 10  2.1181555005E+00  1.5726975276E+00 -0.0000000000E+00  5.2558475641E+00  8.0265770428E+11
 11  1.4085487983E+00  1.0826160351E+00 -0.0000000000E+00  3.4912160744E+00  6.6327548622E+11
 12  9.1873390681E-01  7.1984666096E-01 -0.0000000000E+00  2.2882225413E+00  5.6373029637E+11
 13  5.7803761503E-01  4.6088668660E-01 -0.0000000000E+00  1.4572672862E+00  5.0322362276E+11
 14  3.2354610912E-01  2.7230126905E-01 -0.0000000000E+00  8.8069917394E-01  4.7029031123E+11
 15  1.6298367813E-01  1.4649109253E-01 -0.0000000000E+00  4.8072930216E-01  4.5969947791E+11
 16  7.0668158651E-02  6.3926681911E-02 -0.0000000000E+00  2.0426754763E-01  4.5451843018E+11
 17  2.5401730282E-02  2.4343265920E-02 -0.0000000000E+00  8.3501557805E-02  4.7666501678E+11
 18  8.5945495664E-03  7.5409809365E-03 -0.0000000000E+00  2.3435522653E-02  5.2476222150E+11
 19  2.3559715604E-03  1.7957848272E-03 -0.0000000000E+00  5.8323592866E-03  5.0785018665E+11
 20  5.6817246579E-04  2.5014629779E-04  1.8808943889E-04  1.0670668975E-03  4.3109517302E+11
 21  7.1305877905E-05  3.1145020284E-05  3.3986994762E-05  1.3159777116E-04  3.3877307666E+11
 22  6.1538566293E-06  2.2779494606E-06  3.1602691637E-06  1.2301732124E-05  3.0380439639E+11
 23  4.2612410232E-07  1.5087105971E-07  2.1204520747E-07  6.6533219342E-07  1.5695287583E+11
 24  2.7706352640E-08  3.6196030902E-09  2.4824304869E-08  3.2808460710E-08  5.1316976000E+10
 
# records End here.
