# header of file: Simpson_stat
# frequency (s):       1200.000000
# phase (s)    :          0.000000
# Regions      :   0
# Fields       : Simpson 
# Nb of levels :   24
# end of header ------------------------------------------------------------
 
 field : Simpson  ; Iter =    188389 ; region #   0 ; nb.Lev =  24
 k | --  Average --  | --  Std.Dev  -- | --     min  --  | --     max   -- | Vol
  0  1.9940416491E+00  3.4780285589E+00  0.0000000000E+00  7.7999782808E+01  2.8199008700E+13
  1  2.5254531312E+00  6.6089820341E+00  0.0000000000E+00  7.7999782808E+01  4.8770963680E+12
  2  2.4340297521E+00  5.4603812439E+00  1.0023596253E+00  7.7999749405E+01  3.6303798470E+12
  3  2.0765358677E+00  1.1041801617E+00  1.0060521324E+00  6.4156371807E+00  3.0452921075E+12
  4  1.8962857067E+00  8.3413524262E-01  1.0089290573E+00  5.4841836046E+00  2.4674263946E+12
  5  1.8453161561E+00  6.4982410415E-01  1.0148169350E+00  3.9916218109E+00  1.9578249370E+12
  6  1.8812862839E+00  6.4716634264E-01  1.0257612730E+00  3.9821573981E+00  1.7309547277E+12
  7  1.9120862573E+00  6.4834786833E-01  1.0426678832E+00  3.9457660118E+00  1.4953216074E+12
  8  1.9049641017E+00  6.7588671928E-01  1.0248157070E+00  3.9309357051E+00  1.2829423298E+12
  9  1.8499758246E+00  7.4155524875E-01  1.0143640775E+00  3.9359158815E+00  1.0031551290E+12
 10  1.7794437818E+00  8.7887351861E-01  0.0000000000E+00  3.9206219367E+00  8.0265770428E+11
 11  1.6283388656E+00  9.9146519596E-01  0.0000000000E+00  3.8930549742E+00  6.6327548622E+11
 12  1.5467861105E+00  1.1167572588E+00  0.0000000000E+00  3.8782751485E+00  5.6373029637E+11
 13  1.5162835402E+00  1.1723434570E+00  0.0000000000E+00  3.8580013919E+00  5.0322362276E+11
 14  1.5915230701E+00  1.1603642401E+00  0.0000000000E+00  3.8550054407E+00  4.7029031123E+11
 15  1.6040768169E+00  1.2118008982E+00  0.0000000000E+00  3.8435919835E+00  4.5969947791E+11
 16  1.4332237213E+00  1.1408782610E+00  0.0000000000E+00  3.7201307489E+00  4.5451843018E+11
 17  1.1876148599E+00  1.0132729106E+00  0.0000000000E+00  3.1249294124E+00  4.7666501678E+11
 18  1.1512745451E+00  8.7425043010E-01  0.0000000000E+00  3.0262834755E+00  5.2476222150E+11
 19  1.2043551713E+00  7.7511957174E-01  0.0000000000E+00  2.8807048747E+00  5.0785018665E+11
 20  1.5950025051E+00  3.2573737791E-01  1.2168372822E+00  2.5747923602E+00  4.3109517302E+11
 21  1.8021585055E+00  5.4286896508E-01  1.0494488727E+00  3.6845675036E+00  3.3877307666E+11
 22  1.9243241926E+00  1.4445798855E+00  0.0000000000E+00  4.4394123968E+00  3.0380439639E+11
 23  6.4127761049E-01  8.4190499889E-01  0.0000000000E+00  1.9447940519E+00  1.5695287583E+11
 24  0.0000000000E+00  0.0000000000E+00  0.0000000000E+00  0.0000000000E+00  5.1316976000E+10
 
 field : Simpson  ; Iter =    188390 ; region #   0 ; nb.Lev =  24
 k | --  Average --  | --  Std.Dev  -- | --     min  --  | --     max   -- | Vol
  0  1.9941588046E+00  3.4781410573E+00  0.0000000000E+00  7.7999782821E+01  2.8199008700E+13
  1  2.5256004179E+00  6.6089631274E+00  0.0000000000E+00  7.7999782821E+01  4.8770963680E+12
  2  2.4341607395E+00  5.4603801723E+00  1.0023584218E+00  7.7999749409E+01  3.6303798470E+12
  3  2.0767164403E+00  1.1044601566E+00  1.0060607050E+00  6.4165798889E+00  3.0452921075E+12
  4  1.8962980012E+00  8.3426920453E-01  1.0089190818E+00  5.4850908321E+00  2.4674263946E+12
  5  1.8453037055E+00  6.4977952212E-01  1.0148060243E+00  3.9920278979E+00  1.9578249370E+12
  6  1.8813202125E+00  6.4712881043E-01  1.0260295149E+00  3.9823536575E+00  1.7309547277E+12
  7  1.9121291206E+00  6.4849527452E-01  1.0425663333E+00  3.9453919982E+00  1.4953216074E+12
  8  1.9049197967E+00  6.7616986448E-01  1.0248208624E+00  3.9307097804E+00  1.2829423298E+12
  9  1.8501764476E+00  7.4171417547E-01  1.0143904197E+00  3.9357596422E+00  1.0031551290E+12
 10  1.7798172477E+00  8.7916099708E-01  0.0000000000E+00  3.9207178995E+00  8.0265770428E+11
 11  1.6196929762E+00  9.9846174213E-01  0.0000000000E+00  3.8934494358E+00  6.6327548622E+11
 12  1.5471285016E+00  1.1171265561E+00  0.0000000000E+00  3.8790332581E+00  5.6373029637E+11
 13  1.5168177666E+00  1.1728947188E+00  0.0000000000E+00  3.8580816740E+00  5.0322362276E+11
 14  1.5920705126E+00  1.1608243015E+00  0.0000000000E+00  3.8551978203E+00  4.7029031123E+11
 15  1.6048751641E+00  1.2123090081E+00  0.0000000000E+00  3.8434833327E+00  4.5969947791E+11
 16  1.4337615938E+00  1.1412926133E+00  0.0000000000E+00  3.7223880806E+00  4.5451843018E+11
 17  1.1882091832E+00  1.0138776797E+00  0.0000000000E+00  3.1262678167E+00  4.7666501678E+11
 18  1.1515663145E+00  8.7459354481E-01  0.0000000000E+00  3.0283475849E+00  5.2476222150E+11
 19  1.2047315171E+00  7.7551491268E-01  0.0000000000E+00  2.8826869782E+00  5.0785018665E+11
 20  1.5951032776E+00  3.2630858417E-01  1.2168561844E+00  2.5763301441E+00  4.3109517302E+11
 21  1.8032360734E+00  5.4164768508E-01  1.0500280069E+00  3.6823329398E+00  3.3877307666E+11
 22  1.9351611984E+00  1.4507051796E+00  0.0000000000E+00  4.4562420288E+00  3.0380439639E+11
 23  6.4804661863E-01  8.4896643632E-01  0.0000000000E+00  1.9467204883E+00  1.5695287583E+11
 24  0.0000000000E+00  0.0000000000E+00  0.0000000000E+00  0.0000000000E+00  5.1316976000E+10
 
 field : Simpson  ; Iter =    188391 ; region #   0 ; nb.Lev =  24
 k | --  Average --  | --  Std.Dev  -- | --     min  --  | --     max   -- | Vol
  0  1.9943955385E+00  3.4781499969E+00  0.0000000000E+00  7.7999782835E+01  2.8199008700E+13
  1  2.5257511501E+00  6.6089449610E+00  0.0000000000E+00  7.7999782835E+01  4.8770963680E+12
  2  2.4342939859E+00  5.4603804900E+00  1.0023572988E+00  7.7999749413E+01  3.6303798470E+12
  3  2.0768998171E+00  1.1047365551E+00  1.0060719374E+00  6.4175192288E+00  3.0452921075E+12
  4  1.8962991381E+00  8.3437917923E-01  1.0089095127E+00  5.4859965488E+00  2.4674263946E+12
  5  1.8452805132E+00  6.4972567835E-01  1.0147951210E+00  3.9923810690E+00  1.9578249370E+12
  6  1.8813381678E+00  6.4708848779E-01  1.0262944580E+00  3.9825567870E+00  1.7309547277E+12
  7  1.9121815903E+00  6.4864714491E-01  1.0424531626E+00  3.9449915499E+00  1.4953216074E+12
  8  1.9048298395E+00  6.7646550108E-01  1.0248257252E+00  3.9304794821E+00  1.2829423298E+12
  9  1.8503984283E+00  7.4185780652E-01  1.0144070141E+00  3.9356008891E+00  1.0031551290E+12
 10  1.7802412805E+00  8.7942949198E-01  0.0000000000E+00  3.9208149657E+00  8.0265770428E+11
 11  1.6200789760E+00  9.9883694439E-01  0.0000000000E+00  3.8938174196E+00  6.6327548622E+11
 12  1.5474712291E+00  1.1174991171E+00  0.0000000000E+00  3.8797704586E+00  5.6373029637E+11
 13  1.5173679534E+00  1.1734559246E+00  0.0000000000E+00  3.8581553241E+00  5.0322362276E+11
 14  1.5926169339E+00  1.1612864487E+00  0.0000000000E+00  3.8553787680E+00  4.7029031123E+11
 15  1.6056665868E+00  1.2128064519E+00  0.0000000000E+00  3.8433347307E+00  4.5969947791E+11
 16  1.4342705680E+00  1.1416733819E+00  0.0000000000E+00  3.7246226442E+00  4.5451843018E+11
 17  1.1887863486E+00  1.0144647329E+00  0.0000000000E+00  3.1275388245E+00  4.7666501678E+11
 18  1.1518550663E+00  8.7493677342E-01  0.0000000000E+00  3.0304026051E+00  5.2476222150E+11
 19  1.2051136033E+00  7.7591608481E-01  0.0000000000E+00  2.8846707678E+00  5.0785018665E+11
 20  1.5952191703E+00  3.2687976928E-01  1.2168750967E+00  2.5778654169E+00  4.3109517302E+11
 21  1.8041549445E+00  5.4006060548E-01  1.0501636266E+00  3.6775395084E+00  3.3877307666E+11
 22  1.9376811477E+00  1.4484674279E+00  0.0000000000E+00  4.4715729384E+00  3.0380439639E+11
 23  6.5478788375E-01  8.5608415654E-01  0.0000000000E+00  1.9490965471E+00  1.5695287583E+11
 24  0.0000000000E+00  0.0000000000E+00  0.0000000000E+00  0.0000000000E+00  5.1316976000E+10
 
 field : Simpson  ; Iter =    188392 ; region #   0 ; nb.Lev =  24
 k | --  Average --  | --  Std.Dev  -- | --     min  --  | --     max   -- | Vol
  0  1.9945764805E+00  3.4781403639E+00  0.0000000000E+00  7.7999782849E+01  2.8199008700E+13
  1  2.5259039164E+00  6.6089273149E+00  0.0000000000E+00  7.7999782849E+01  4.8770963680E+12
  2  2.4344303416E+00  5.4603822365E+00  1.0023562527E+00  7.7999749418E+01  3.6303798470E+12
  3  2.0770847149E+00  1.1050108868E+00  1.0060863376E+00  6.4184552047E+00  3.0452921075E+12
  4  1.8962961387E+00  8.3448340632E-01  1.0089003691E+00  5.4869007538E+00  2.4674263946E+12
  5  1.8452440036E+00  6.4966464520E-01  1.0147842364E+00  3.9926971400E+00  1.9578249370E+12
  6  1.8813396112E+00  6.4704684458E-01  1.0265539260E+00  3.9827707961E+00  1.7309547277E+12
  7  1.9122214529E+00  6.4881505182E-01  1.0423340955E+00  3.9445581354E+00  1.4953216074E+12
  8  1.9047878883E+00  6.7675032581E-01  1.0248302214E+00  3.9302493359E+00  1.2829423298E+12
  9  1.8506915216E+00  7.4199595160E-01  1.0144133676E+00  3.9354385324E+00  1.0031551290E+12
 10  1.7807098884E+00  8.7968478856E-01  0.0000000000E+00  3.9209138123E+00  8.0265770428E+11
 11  1.6204148625E+00  9.9924750286E-01  0.0000000000E+00  3.8941618230E+00  6.6327548622E+11
 12  1.5478093835E+00  1.1178774067E+00  0.0000000000E+00  3.8804872244E+00  5.6373029637E+11
 13  1.5179380537E+00  1.1740307043E+00  0.0000000000E+00  3.8582221798E+00  5.0322362276E+11
 14  1.5931655791E+00  1.1617538688E+00  0.0000000000E+00  3.8555489144E+00  4.7029031123E+11
 15  1.6064534517E+00  1.2132951072E+00  0.0000000000E+00  3.8431484078E+00  4.5969947791E+11
 16  1.4347530472E+00  1.1420279458E+00  0.0000000000E+00  3.7268311765E+00  4.5451843018E+11
 17  1.1893498520E+00  1.0150381358E+00  0.0000000000E+00  3.1287464829E+00  4.7666501678E+11
 18  1.1521413943E+00  8.7528088260E-01  0.0000000000E+00  3.0324524621E+00  5.2476222150E+11
 19  1.2055018145E+00  7.7632432001E-01  0.0000000000E+00  2.8866605150E+00  5.0785018665E+11
 20  1.5953543215E+00  3.2744901991E-01  1.2168940189E+00  2.5794012129E+00  4.3109517302E+11
 21  1.8050656109E+00  5.3855870997E-01  1.0502670800E+00  3.6726820085E+00  3.3877307666E+11
 22  1.9347982338E+00  1.4416605842E+00  0.0000000000E+00  4.4855034885E+00  3.0380439639E+11
 23  6.6149946053E-01  8.6326017607E-01  0.0000000000E+00  1.9519340148E+00  1.5695287583E+11
 24  0.0000000000E+00  0.0000000000E+00  0.0000000000E+00  0.0000000000E+00  5.1316976000E+10
 
# records End here.
