# header of file: Diver1_stat
# frequency (s):       1200.000000
# phase (s)    :          0.000000
# Regions      :   0
# Fields       : Diver1  
# Nb of levels :   24
# end of header ------------------------------------------------------------
 
 field : Diver1   ; Iter =    188389 ; region #   0 ; nb.Lev =  24
 k | --  Average --  | --  Std.Dev  -- | --     min  --  | --     max   -- | Vol
  0  9.8999373307E+00  1.3287411710E+01  0.0000000000E+00  7.8000000000E+01  2.8199008700E+13
  1  1.1368082985E+01  1.7142189084E+01  0.0000000000E+00  7.8000000000E+01  4.8770963680E+12
  2  1.2520814387E+01  1.8104785299E+01  1.0000000000E+00  7.8000000000E+01  3.6303798470E+12
  3  1.2039620310E+01  1.7152427874E+01  1.0000000000E+00  7.8000000000E+01  3.0452921075E+12
  4  9.5303570178E+00  1.4160208934E+01  1.0000000000E+00  7.8000000000E+01  2.4674263946E+12
  5  7.1803943009E+00  6.7784200231E+00  1.0000000000E+00  2.9000000000E+01  1.9578249370E+12
  6  7.3255535911E+00  6.8971205883E+00  1.0000000000E+00  2.9000000000E+01  1.7309547277E+12
  7  7.4042278772E+00  6.9909593323E+00  1.0000000000E+00  2.8000000000E+01  1.4953216074E+12
  8  7.3773454249E+00  7.1813233188E+00  1.0000000000E+00  2.8000000000E+01  1.2829423298E+12
  9  7.5941153550E+00  7.6234796328E+00  0.0000000000E+00  2.8000000000E+01  1.0031551290E+12
 10  8.1039622881E+00  8.2319256629E+00  0.0000000000E+00  2.8000000000E+01  8.0265770428E+11
 11  8.2345648148E+00  8.5681731264E+00  0.0000000000E+00  2.6000000000E+01  6.6327548622E+11
 12  8.8569756630E+00  9.1773338717E+00  0.0000000000E+00  2.6000000000E+01  5.6373029637E+11
 13  9.3323629714E+00  9.6205469959E+00  0.0000000000E+00  2.6000000000E+01  5.0322362276E+11
 14  9.8196666117E+00  9.7754073641E+00  0.0000000000E+00  2.5000000000E+01  4.7029031123E+11
 15  1.1138084945E+01  9.7769954811E+00  0.0000000000E+00  2.5000000000E+01  4.5969947791E+11
 16  1.1893677669E+01  9.4297204037E+00  0.0000000000E+00  2.4000000000E+01  4.5451843018E+11
 17  1.1118607703E+01  8.9036912687E+00  0.0000000000E+00  2.3000000000E+01  4.7666501678E+11
 18  1.1199703748E+01  8.3291002239E+00  0.0000000000E+00  2.3000000000E+01  5.2476222150E+11
 19  1.1597005043E+01  7.5905004721E+00  0.0000000000E+00  2.3000000000E+01  5.0785018665E+11
 20  1.2348405167E+01  5.2249214745E+00  2.0000000000E+00  2.2000000000E+01  4.3109517302E+11
 21  8.6198629086E+00  4.3633809596E+00  1.0000000000E+00  1.4000000000E+01  3.3877307666E+11
 22  3.3861491862E+00  2.7541334495E+00  0.0000000000E+00  7.0000000000E+00  3.0380439639E+11
 23  3.7546675549E-01  4.8424319408E-01  0.0000000000E+00  1.0000000000E+00  1.5695287583E+11
 24  0.0000000000E+00  0.0000000000E+00  0.0000000000E+00  0.0000000000E+00  5.1316976000E+10
 
 field : Diver1   ; Iter =    188390 ; region #   0 ; nb.Lev =  24
 k | --  Average --  | --  Std.Dev  -- | --     min  --  | --     max   -- | Vol
  0  9.9014706213E+00  1.3287456909E+01  0.0000000000E+00  7.8000000000E+01  2.8199008700E+13
  1  1.1368784690E+01  1.7142767542E+01  0.0000000000E+00  7.8000000000E+01  4.8770963680E+12
  2  1.2521769784E+01  1.8105206909E+01  1.0000000000E+00  7.8000000000E+01  3.6303798470E+12
  3  1.2039636587E+01  1.7152432107E+01  1.0000000000E+00  7.8000000000E+01  3.0452921075E+12
  4  9.5289721629E+00  1.4159233811E+01  1.0000000000E+00  7.8000000000E+01  2.4674263946E+12
  5  7.1821389640E+00  6.7828761392E+00  1.0000000000E+00  2.9000000000E+01  1.9578249370E+12
  6  7.3255535911E+00  6.8971205883E+00  1.0000000000E+00  2.9000000000E+01  1.7309547277E+12
  7  7.4065221621E+00  6.9965671772E+00  1.0000000000E+00  2.8000000000E+01  1.4953216074E+12
  8  7.3773454249E+00  7.1813233188E+00  1.0000000000E+00  2.8000000000E+01  1.2829423298E+12
  9  7.5975489331E+00  7.6319892285E+00  0.0000000000E+00  2.8000000000E+01  1.0031551290E+12
 10  8.1039622881E+00  8.2319256629E+00  0.0000000000E+00  2.8000000000E+01  8.0265770428E+11
 11  8.2345648148E+00  8.5681731264E+00  0.0000000000E+00  2.6000000000E+01  6.6327548622E+11
 12  8.8503620094E+00  9.1667729038E+00  0.0000000000E+00  2.6000000000E+01  5.6373029637E+11
 13  9.3323629714E+00  9.6205469959E+00  0.0000000000E+00  2.6000000000E+01  5.0322362276E+11
 14  9.8196666117E+00  9.7754073641E+00  0.0000000000E+00  2.5000000000E+01  4.7029031123E+11
 15  1.1138084945E+01  9.7769954811E+00  0.0000000000E+00  2.5000000000E+01  4.5969947791E+11
 16  1.1893677669E+01  9.4297204037E+00  0.0000000000E+00  2.4000000000E+01  4.5451843018E+11
 17  1.1118607703E+01  8.9036912687E+00  0.0000000000E+00  2.3000000000E+01  4.7666501678E+11
 18  1.1199703748E+01  8.3291002239E+00  0.0000000000E+00  2.3000000000E+01  5.2476222150E+11
 19  1.1597005043E+01  7.5905004721E+00  0.0000000000E+00  2.3000000000E+01  5.0785018665E+11
 20  1.2385333809E+01  5.1832898209E+00  2.0000000000E+00  2.2000000000E+01  4.3109517302E+11
 21  8.6198629086E+00  4.3633809596E+00  1.0000000000E+00  1.4000000000E+01  3.3877307666E+11
 22  3.4428689184E+00  2.7763984890E+00  0.0000000000E+00  7.0000000000E+00  3.0380439639E+11
 23  3.7546675549E-01  4.8424319408E-01  0.0000000000E+00  1.0000000000E+00  1.5695287583E+11
 24  0.0000000000E+00  0.0000000000E+00  0.0000000000E+00  0.0000000000E+00  5.1316976000E+10
 
 field : Diver1   ; Iter =    188391 ; region #   0 ; nb.Lev =  24
 k | --  Average --  | --  Std.Dev  -- | --     min  --  | --     max   -- | Vol
  0  9.9023823825E+00  1.3286625170E+01  0.0000000000E+00  7.8000000000E+01  2.8199008700E+13
  1  1.1369497534E+01  1.7142338246E+01  0.0000000000E+00  7.8000000000E+01  4.8770963680E+12
  2  1.2520770575E+01  1.8103899651E+01  1.0000000000E+00  7.8000000000E+01  3.6303798470E+12
  3  1.2036270956E+01  1.7151170088E+01  1.0000000000E+00  7.8000000000E+01  3.0452921075E+12
  4  9.5303514711E+00  1.4160010213E+01  1.0000000000E+00  7.8000000000E+01  2.4674263946E+12
  5  7.1821389640E+00  6.7828761392E+00  1.0000000000E+00  2.9000000000E+01  1.9578249370E+12
  6  7.3255535911E+00  6.8971205883E+00  1.0000000000E+00  2.9000000000E+01  1.7309547277E+12
  7  7.4088032140E+00  6.9998475541E+00  1.0000000000E+00  2.8000000000E+01  1.4953216074E+12
  8  7.3773454249E+00  7.1813233188E+00  1.0000000000E+00  2.8000000000E+01  1.2829423298E+12
  9  7.5975489331E+00  7.6319892285E+00  0.0000000000E+00  2.8000000000E+01  1.0031551290E+12
 10  8.1039622881E+00  8.2319256629E+00  0.0000000000E+00  2.8000000000E+01  8.0265770428E+11
 11  8.2399258352E+00  8.5764674850E+00  0.0000000000E+00  2.6000000000E+01  6.6327548622E+11
 12  8.8503620094E+00  9.1667729038E+00  0.0000000000E+00  2.6000000000E+01  5.6373029637E+11
 13  9.3402242958E+00  9.6149591708E+00  0.0000000000E+00  2.6000000000E+01  5.0322362276E+11
 14  9.8196666117E+00  9.7754073641E+00  0.0000000000E+00  2.5000000000E+01  4.7029031123E+11
 15  1.1138084945E+01  9.7769954811E+00  0.0000000000E+00  2.5000000000E+01  4.5969947791E+11
 16  1.1893677669E+01  9.4297204037E+00  0.0000000000E+00  2.4000000000E+01  4.5451843018E+11
 17  1.1118607703E+01  8.9036912687E+00  0.0000000000E+00  2.3000000000E+01  4.7666501678E+11
 18  1.1199703748E+01  8.3291002239E+00  0.0000000000E+00  2.3000000000E+01  5.2476222150E+11
 19  1.1597005043E+01  7.5905004721E+00  0.0000000000E+00  2.3000000000E+01  5.0785018665E+11
 20  1.2385333809E+01  5.1832898209E+00  2.0000000000E+00  2.2000000000E+01  4.3109517302E+11
 21  8.6198629086E+00  4.3633809596E+00  1.0000000000E+00  1.4000000000E+01  3.3877307666E+11
 22  3.5145759300E+00  2.7510045527E+00  0.0000000000E+00  7.0000000000E+00  3.0380439639E+11
 23  3.7546675549E-01  4.8424319408E-01  0.0000000000E+00  1.0000000000E+00  1.5695287583E+11
 24  0.0000000000E+00  0.0000000000E+00  0.0000000000E+00  0.0000000000E+00  5.1316976000E+10
 
 field : Diver1   ; Iter =    188392 ; region #   0 ; nb.Lev =  24
 k | --  Average --  | --  Std.Dev  -- | --     min  --  | --     max   -- | Vol
  0  9.9024528647E+00  1.3286833819E+01  0.0000000000E+00  7.8000000000E+01  2.8199008700E+13
  1  1.1370203666E+01  1.7143002670E+01  0.0000000000E+00  7.8000000000E+01  4.8770963680E+12
  2  1.2518839655E+01  1.8102405713E+01  1.0000000000E+00  7.8000000000E+01  3.6303798470E+12
  3  1.2039656162E+01  1.7153236520E+01  1.0000000000E+00  7.8000000000E+01  3.0452921075E+12
  4  9.5290271976E+00  1.4160667628E+01  1.0000000000E+00  7.8000000000E+01  2.4674263946E+12
  5  7.1821389640E+00  6.7828761392E+00  1.0000000000E+00  2.9000000000E+01  1.9578249370E+12
  6  7.3255535911E+00  6.8971205883E+00  1.0000000000E+00  2.9000000000E+01  1.7309547277E+12
  7  7.4088032140E+00  6.9998475541E+00  1.0000000000E+00  2.8000000000E+01  1.4953216074E+12
  8  7.3746184329E+00  7.1820356574E+00  1.0000000000E+00  2.8000000000E+01  1.2829423298E+12
  9  7.6009795065E+00  7.6373367268E+00  0.0000000000E+00  2.8000000000E+01  1.0031551290E+12
 10  8.1082296696E+00  8.2305745673E+00  0.0000000000E+00  2.8000000000E+01  8.0265770428E+11
 11  8.2348398821E+00  8.5810546237E+00  0.0000000000E+00  2.6000000000E+01  6.6327548622E+11
 12  8.8569064438E+00  9.1629499865E+00  0.0000000000E+00  2.6000000000E+01  5.6373029637E+11
 13  9.3402242958E+00  9.6149591708E+00  0.0000000000E+00  2.6000000000E+01  5.0322362276E+11
 14  9.8196666117E+00  9.7754073641E+00  0.0000000000E+00  2.5000000000E+01  4.7029031123E+11
 15  1.1150111304E+01  9.7884971009E+00  0.0000000000E+00  2.5000000000E+01  4.5969947791E+11
 16  1.1893677669E+01  9.4297204037E+00  0.0000000000E+00  2.4000000000E+01  4.5451843018E+11
 17  1.1118607703E+01  8.9036912687E+00  0.0000000000E+00  2.3000000000E+01  4.7666501678E+11
 18  1.1179411335E+01  8.3259069453E+00  0.0000000000E+00  2.3000000000E+01  5.2476222150E+11
 19  1.1596903509E+01  7.5665115578E+00  0.0000000000E+00  2.3000000000E+01  5.0785018665E+11
 20  1.2385333809E+01  5.1832898209E+00  2.0000000000E+00  2.2000000000E+01  4.3109517302E+11
 21  8.6198629086E+00  4.3633809596E+00  1.0000000000E+00  1.4000000000E+01  3.3877307666E+11
 22  3.5145759300E+00  2.7510045527E+00  0.0000000000E+00  7.0000000000E+00  3.0380439639E+11
 23  3.7546675549E-01  4.8424319408E-01  0.0000000000E+00  1.0000000000E+00  1.5695287583E+11
 24  0.0000000000E+00  0.0000000000E+00  0.0000000000E+00  0.0000000000E+00  5.1316976000E+10
 
# records End here.
