# header of file: Phy58_stat
# frequency (s):       1200.000000
# phase (s)    :          0.000000
# Regions      :   0
# Fields       : TRAC79  
# Nb of levels :   24
# end of header ------------------------------------------------------------
 
 field : TRAC79   ; Iter =    188389 ; region #   0 ; nb.Lev =  24
 k | --  Average --  | --  Std.Dev  -- | --     min  --  | --     max   -- | Vol
  0  6.7363212375E-03  1.0335708843E-02  3.2629111351E-15  9.6361439117E-02  2.8199008700E+13
  1  1.0609537239E-02  1.3314063192E-02  3.2629111351E-15  9.6361439117E-02  4.8770963680E+12
  2  1.1276543675E-02  1.2690267108E-02  1.3550394906E-08  9.5833403869E-02  3.6303798470E+12
  3  1.0548119548E-02  1.0865541355E-02  1.3551207038E-08  6.6601719068E-02  3.0452921075E+12
  4  9.8599943253E-03  1.0336959979E-02  1.6399975640E-08  5.3517400684E-02  2.4674263946E+12
  5  8.7245352201E-03  9.9273521321E-03  1.6920609894E-08  5.1657239968E-02  1.9578249370E+12
  6  6.4515753848E-03  7.6928570195E-03  1.6061076050E-08  4.0912031692E-02  1.7309547277E+12
  7  4.1695657442E-03  5.6860284501E-03  1.3710045061E-08  3.7371753618E-02  1.4953216074E+12
  8  2.4216663338E-03  3.9380729924E-03  8.2620439727E-09  2.8360339983E-02  1.2829423298E+12
  9  1.2558614052E-03  2.2297549723E-03  7.7964730343E-09  1.2822719093E-02  1.0031551290E+12
 10  8.4001515474E-04  1.6854466016E-03  5.2561570244E-09  1.2001480485E-02  8.0265770428E+11
 11  5.1634597733E-04  1.0672708521E-03  3.7714215772E-09  7.6559087984E-03  6.6327548622E+11
 12  4.4466307901E-04  1.0070433954E-03  1.6302522320E-09  6.8051526765E-03  5.6373029637E+11
 13  4.0640324769E-04  9.5695157839E-04  2.5281640408E-09  6.2596813121E-03  5.0322362276E+11
 14  3.0189305555E-04  6.2965952800E-04  2.2744473216E-09  3.4922173246E-03  4.7029031123E+11
 15  2.8544517052E-04  5.5675164631E-04  1.9691171197E-09  3.0032665455E-03  4.5969947791E+11
 16  1.9182963869E-04  3.4670300036E-04  1.4068838179E-09  1.5825217375E-03  4.5451843018E+11
 17  1.0015445621E-04  2.0017009737E-04  7.9889130862E-10  1.1364673993E-03  4.7666501678E+11
 18  7.3825543577E-05  1.6869907578E-04  3.5422203969E-10  1.0046821673E-03  5.2476222150E+11
 19  6.4431980551E-05  1.5540482733E-04  2.2528930580E-10  8.6058086806E-04  5.0785018665E+11
 20  5.0391180972E-05  1.1904700516E-04  3.0681223220E-10  5.6619641790E-04  4.3109517302E+11
 21  4.5259708287E-06  7.9805406719E-06  1.2886375784E-11  2.8826507317E-05  3.3877307666E+11
 22  6.4863351812E-08  1.0353772618E-07  8.8793066224E-12  4.3901348333E-07  3.0380439639E+11
 23  1.8002002593E-09  3.1056454446E-09  1.3613030929E-13  9.0419279740E-09  1.5695287583E+11
 24  4.6067449353E-13  3.8658859338E-13  1.3461592586E-13  1.0034778057E-12  5.1316976000E+10
 
 field : TRAC79   ; Iter =    188390 ; region #   0 ; nb.Lev =  24
 k | --  Average --  | --  Std.Dev  -- | --     min  --  | --     max   -- | Vol
  0  6.7252545986E-03  1.0315097957E-02  3.2592199824E-15  9.5945133761E-02  2.8199008700E+13
  1  1.0582911156E-02  1.3275834095E-02  3.2592199824E-15  9.5945133761E-02  4.8770963680E+12
  2  1.1249428824E-02  1.2660274733E-02  1.3535393690E-08  9.5701108010E-02  3.6303798470E+12
  3  1.0526962697E-02  1.0844300328E-02  1.3536820176E-08  6.6540486648E-02  3.0452921075E+12
  4  9.8487211534E-03  1.0325852597E-02  1.6371268358E-08  5.3516602947E-02  2.4674263946E+12
  5  8.7231844590E-03  9.9269937683E-03  1.6896393908E-08  5.1673739948E-02  1.9578249370E+12
  6  6.4569253511E-03  7.7007612539E-03  1.6040577268E-08  4.0966191309E-02  1.7309547277E+12
  7  4.1712820527E-03  5.6907637713E-03  1.3691791920E-08  3.7406341232E-02  1.4953216074E+12
  8  2.4202877623E-03  3.9376649773E-03  8.2329943163E-09  2.8409821755E-02  1.2829423298E+12
  9  1.2542555225E-03  2.2259778705E-03  7.7868485751E-09  1.2762271440E-02  1.0031551290E+12
 10  8.4070629857E-04  1.6884082176E-03  5.2501705009E-09  1.2036764472E-02  8.0265770428E+11
 11  5.1745250754E-04  1.0705676957E-03  3.7669932999E-09  7.6898764662E-03  6.6327548622E+11
 12  4.4568294882E-04  1.0099632959E-03  1.6977275980E-09  6.8342850900E-03  5.6373029637E+11
 13  4.0719104131E-04  9.5948955502E-04  2.5255025459E-09  6.2827567379E-03  5.0322362276E+11
 14  3.0217789697E-04  6.3045207502E-04  2.2717748286E-09  3.5052490471E-03  4.7029031123E+11
 15  2.8571225896E-04  5.5753654061E-04  1.9669613478E-09  3.0065301916E-03  4.5969947791E+11
 16  1.9202024109E-04  3.4704988212E-04  1.4045212450E-09  1.5827011311E-03  4.5451843018E+11
 17  1.0017434370E-04  1.9997779576E-04  7.9817075719E-10  1.1352709936E-03  4.7666501678E+11
 18  7.3899776348E-05  1.6889809489E-04  3.5447167741E-10  1.0058327309E-03  5.2476222150E+11
 19  6.4473535257E-05  1.5549314003E-04  2.2504556444E-10  8.6137101055E-04  5.0785018665E+11
 20  5.0385667566E-05  1.1907598898E-04  3.0850077471E-10  5.6683231296E-04  4.3109517302E+11
 21  4.5207172197E-06  7.9889787448E-06  1.3431159642E-11  2.9111810049E-05  3.3877307666E+11
 22  6.4180248450E-08  1.0315225025E-07  8.8674271278E-12  4.3950544833E-07  3.0380439639E+11
 23  1.7998185239E-09  3.1011199150E-09  1.4603966769E-13  9.0248150559E-09  1.5695287583E+11
 24  4.6401414114E-13  3.8891201558E-13  1.3595323958E-13  1.0100736195E-12  5.1316976000E+10
 
 field : TRAC79   ; Iter =    188391 ; region #   0 ; nb.Lev =  24
 k | --  Average --  | --  Std.Dev  -- | --     min  --  | --     max   -- | Vol
  0  6.7146076963E-03  1.0294646942E-02  3.2555723255E-15  9.5549849565E-02  2.8199008700E+13
  1  1.0557593391E-02  1.3238548983E-02  3.2555723255E-15  9.5547078281E-02  4.8770963680E+12
  2  1.1224756432E-02  1.2631443149E-02  1.3520347966E-08  9.5549849565E-02  3.6303798470E+12
  3  1.0506640365E-02  1.0822466615E-02  1.3522454616E-08  6.6480779913E-02  3.0452921075E+12
  4  9.8366434225E-03  1.0312636851E-02  1.6342971285E-08  5.3487796001E-02  2.4674263946E+12
  5  8.7205708923E-03  9.9246054165E-03  1.6872245043E-08  5.1685968564E-02  1.9578249370E+12
  6  6.4614399649E-03  7.7072356478E-03  1.6019591977E-08  4.1008835021E-02  1.7309547277E+12
  7  4.1730115996E-03  5.6952593370E-03  1.3672740128E-08  3.7436754196E-02  1.4953216074E+12
  8  2.4188467827E-03  3.9368309529E-03  8.2085018993E-09  2.8456962918E-02  1.2829423298E+12
  9  1.2526726510E-03  2.2221578148E-03  7.7784909843E-09  1.2796530181E-02  1.0031551290E+12
 10  8.4137428699E-04  1.6913389358E-03  5.2440971058E-09  1.2073014674E-02  8.0265770428E+11
 11  5.1857547943E-04  1.0738970946E-03  3.7626137493E-09  7.7234332475E-03  6.6327548622E+11
 12  4.4671468241E-04  1.0128856179E-03  1.7762920138E-09  6.8634003650E-03  5.6373029637E+11
 13  4.0798598054E-04  9.6203121697E-04  2.5228704805E-09  6.3061125000E-03  5.0322362276E+11
 14  3.0246030957E-04  6.3122708630E-04  2.2691276904E-09  3.5181739932E-03  4.7029031123E+11
 15  2.8596259167E-04  5.5828604032E-04  1.9648433938E-09  3.0097057101E-03  4.5969947791E+11
 16  1.9219699050E-04  3.4738910424E-04  1.4021568223E-09  1.5828785850E-03  4.5451843018E+11
 17  1.0019056202E-04  1.9977875426E-04  7.9744416592E-10  1.1339394931E-03  4.7666501678E+11
 18  7.3974124798E-05  1.6909498058E-04  3.5478746788E-10  1.0069491117E-03  5.2476222150E+11
 19  6.4516691245E-05  1.5558184654E-04  2.2480112160E-10  8.6216194667E-04  5.0785018665E+11
 20  5.0381860874E-05  1.1910568945E-04  3.1021521223E-10  5.6746173526E-04  4.3109517302E+11
 21  4.5163636573E-06  8.0007111725E-06  1.4031130487E-11  2.9400884466E-05  3.3877307666E+11
 22  6.3543660972E-08  1.0293613266E-07  8.8555526819E-12  4.3997748945E-07  3.0380439639E+11
 23  1.7993659298E-09  3.0963639897E-09  1.5607264297E-13  9.0066007544E-09  1.5695287583E+11
 24  4.6738620284E-13  3.9125150598E-13  1.3731382075E-13  1.0167250350E-12  5.1316976000E+10
 
 field : TRAC79   ; Iter =    188392 ; region #   0 ; nb.Lev =  24
 k | --  Average --  | --  Std.Dev  -- | --     min  --  | --     max   -- | Vol
  0  6.7039457780E-03  1.0274304983E-02  3.2519588426E-15  9.5389271987E-02  2.8199008700E+13
  1  1.0532694390E-02  1.3202169173E-02  3.2519588426E-15  9.5157648440E-02  4.8770963680E+12
  2  1.1200818844E-02  1.2603500372E-02  1.3505085475E-08  9.5389271987E-02  3.6303798470E+12
  3  1.0486375437E-02  1.0800546614E-02  1.3508015263E-08  6.6421371266E-02  3.0452921075E+12
  4  9.8239579909E-03  1.0298399569E-02  1.6315172321E-08  5.3436425243E-02  2.4674263946E+12
  5  8.7167996288E-03  9.9205789063E-03  1.6848190042E-08  5.1693019242E-02  1.9578249370E+12
  6  6.4652237003E-03  7.7124233059E-03  1.5998209749E-08  4.1039117152E-02  1.7309547277E+12
  7  4.1745822224E-03  5.6993544754E-03  1.3652995645E-08  3.7463546769E-02  1.4953216074E+12
  8  2.4173633543E-03  3.9355703221E-03  8.1842720120E-09  2.8501842923E-02  1.2829423298E+12
  9  1.2511086858E-03  2.2182898862E-03  7.7714127502E-09  1.2850027432E-02  1.0031551290E+12
 10  8.4202022962E-04  1.6942311228E-03  5.2379499620E-09  1.2110242952E-02  8.0265770428E+11
 11  5.1971363792E-04  1.0772631548E-03  3.7583003786E-09  7.7565254377E-03  6.6327548622E+11
 12  4.4775946922E-04  1.0158130519E-03  1.8665716171E-09  6.8924597006E-03  5.6373029637E+11
 13  4.0879262621E-04  9.6458197901E-04  2.5202563622E-09  6.3297278855E-03  5.0322362276E+11
 14  3.0274349824E-04  6.3198918628E-04  2.2665015219E-09  3.5309851368E-03  4.7029031123E+11
 15  2.8619919585E-04  5.5900603045E-04  1.9627528737E-09  3.0127957602E-03  4.5969947791E+11
 16  1.9236197842E-04  3.4772344787E-04  1.3997772624E-09  1.5830591200E-03  4.5451843018E+11
 17  1.0020451527E-04  1.9957648265E-04  7.9671565530E-10  1.1324891487E-03  4.7666501678E+11
 18  7.4049018014E-05  1.6929057660E-04  3.5516785963E-10  1.0080352452E-03  5.2476222150E+11
 19  6.4561987851E-05  1.5567219619E-04  2.2455598979E-10  8.6295743747E-04  5.0785018665E+11
 20  5.0380494110E-05  1.1913761729E-04  3.1195590523E-10  5.6808691344E-04  4.3109517302E+11
 21  4.5130582299E-06  8.0159025352E-06  1.4680538933E-11  2.9693353791E-05  3.3877307666E+11
 22  6.2962332273E-08  1.0287308304E-07  8.8436638603E-12  4.4043263547E-07  3.0380439639E+11
 23  1.7988609285E-09  3.0914208409E-09  1.6549874826E-13  8.9874361295E-09  1.5695287583E+11
 24  4.7078428496E-13  3.9360110973E-13  1.3869444329E-13  1.0234170327E-12  5.1316976000E+10
 
# records End here.
