# header of file: Diver4_stat
# frequency (s):       1200.000000
# phase (s)    :          0.000000
# Regions      :   0
# Fields       : Diver4  
# Nb of levels :   24
# end of header ------------------------------------------------------------
 
 field : Diver4   ; Iter =    188389 ; region #   0 ; nb.Lev =  24
 k | --  Average --  | --  Std.Dev  -- | --     min  --  | --     max   -- | Vol
  0  1.0013073580E+01  1.0831922312E+01  2.0000000000E+00  7.8000000000E+01  2.8199008700E+13
  1  1.0096688186E+01  1.4043022026E+01  2.0000000000E+00  7.8000000000E+01  4.8770963680E+12
  2  1.0550151193E+01  1.4626445437E+01  3.0000000000E+00  7.8000000000E+01  3.6303798470E+12
  3  1.0027789125E+01  1.3443324894E+01  3.0000000000E+00  7.8000000000E+01  3.0452921075E+12
  4  8.5487091273E+00  1.1837248003E+01  3.0000000000E+00  7.8000000000E+01  2.4674263946E+12
  5  6.5947254692E+00  4.3642897334E+00  3.0000000000E+00  2.1000000000E+01  1.9578249370E+12
  6  6.8035371643E+00  4.5342832287E+00  3.0000000000E+00  2.1000000000E+01  1.7309547277E+12
  7  7.1331269012E+00  4.7995864231E+00  3.0000000000E+00  2.1000000000E+01  1.4953216074E+12
  8  7.5636664312E+00  5.1622860876E+00  3.0000000000E+00  2.1000000000E+01  1.2829423298E+12
  9  8.1489767803E+00  5.5557025304E+00  4.0000000000E+00  2.1000000000E+01  1.0031551290E+12
 10  8.8130999538E+00  6.0162537120E+00  4.0000000000E+00  2.1000000000E+01  8.0265770428E+11
 11  9.3762721948E+00  6.3033820560E+00  4.0000000000E+00  2.1000000000E+01  6.6327548622E+11
 12  1.0169478100E+01  6.6928973826E+00  4.0000000000E+00  2.1000000000E+01  5.6373029637E+11
 13  1.0822265698E+01  6.9946893853E+00  4.0000000000E+00  2.1000000000E+01  5.0322362276E+11
 14  1.1661498502E+01  7.1433673836E+00  4.0000000000E+00  2.1000000000E+01  4.7029031123E+11
 15  1.3036337612E+01  7.2017986622E+00  4.0000000000E+00  2.1000000000E+01  4.5969947791E+11
 16  1.4237751984E+01  7.0840206759E+00  5.0000000000E+00  2.1000000000E+01  4.5451843018E+11
 17  1.4171484009E+01  7.5211986965E+00  4.0000000000E+00  2.2000000000E+01  4.7666501678E+11
 18  1.4681773198E+01  7.5598971188E+00  4.0000000000E+00  2.2000000000E+01  5.2476222150E+11
 19  1.5663754907E+01  6.7820296100E+00  4.0000000000E+00  2.1000000000E+01  5.0785018665E+11
 20  1.9185110236E+01  9.8268991771E-01  1.6000000000E+01  2.1000000000E+01  4.3109517302E+11
 21  2.0224181503E+01  1.7827923376E+00  1.6000000000E+01  2.4000000000E+01  3.3877307666E+11
 22  2.0673715702E+01  3.0145389398E+00  1.4000000000E+01  2.5000000000E+01  3.0380439639E+11
 23  1.7779969900E+01  1.3163888796E+00  1.6000000000E+01  2.0000000000E+01  1.5695287583E+11
 24  1.7999318837E+01  8.1637420051E-01  1.7000000000E+01  1.9000000000E+01  5.1316976000E+10
 
 field : Diver4   ; Iter =    188390 ; region #   0 ; nb.Lev =  24
 k | --  Average --  | --  Std.Dev  -- | --     min  --  | --     max   -- | Vol
  0  1.0017456275E+01  1.0835850277E+01  2.0000000000E+00  7.8000000000E+01  2.8199008700E+13
  1  1.0096703136E+01  1.4043017132E+01  2.0000000000E+00  7.8000000000E+01  4.8770963680E+12
  2  1.0554007684E+01  1.4628928725E+01  3.0000000000E+00  7.8000000000E+01  3.6303798470E+12
  3  1.0028854259E+01  1.3442886870E+01  3.0000000000E+00  7.8000000000E+01  3.0452921075E+12
  4  8.5487091273E+00  1.1837248003E+01  3.0000000000E+00  7.8000000000E+01  2.4674263946E+12
  5  6.5964370474E+00  4.3630755458E+00  3.0000000000E+00  2.1000000000E+01  1.9578249370E+12
  6  6.8035371643E+00  4.5342832287E+00  3.0000000000E+00  2.1000000000E+01  1.7309547277E+12
  7  7.1331269012E+00  4.7995864231E+00  3.0000000000E+00  2.1000000000E+01  1.4953216074E+12
  8  7.5609918237E+00  5.1560974082E+00  3.0000000000E+00  2.1000000000E+01  1.2829423298E+12
  9  8.1489767803E+00  5.5557025304E+00  4.0000000000E+00  2.1000000000E+01  1.0031551290E+12
 10  8.8089827024E+00  6.0185192120E+00  4.0000000000E+00  2.1000000000E+01  8.0265770428E+11
 11  9.3709827594E+00  6.3057929777E+00  4.0000000000E+00  2.1000000000E+01  6.6327548622E+11
 12  1.0169417134E+01  6.6811701391E+00  4.0000000000E+00  2.1000000000E+01  5.6373029637E+11
 13  1.0846057024E+01  6.9799318552E+00  4.0000000000E+00  2.1000000000E+01  5.0322362276E+11
 14  1.1661498502E+01  7.1433673836E+00  4.0000000000E+00  2.1000000000E+01  4.7029031123E+11
 15  1.3036337612E+01  7.2017986622E+00  4.0000000000E+00  2.1000000000E+01  4.5969947791E+11
 16  1.4237751984E+01  7.0840206759E+00  5.0000000000E+00  2.1000000000E+01  4.5451843018E+11
 17  1.4171484009E+01  7.5211986965E+00  4.0000000000E+00  2.2000000000E+01  4.7666501678E+11
 18  1.4681773198E+01  7.5598971188E+00  4.0000000000E+00  2.2000000000E+01  5.2476222150E+11
 19  1.5663754907E+01  6.7820296100E+00  4.0000000000E+00  2.1000000000E+01  5.0785018665E+11
 20  1.9222024650E+01  9.9376292082E-01  1.6000000000E+01  2.1000000000E+01  4.3109517302E+11
 21  2.0224181503E+01  1.7827923376E+00  1.6000000000E+01  2.4000000000E+01  3.3877307666E+11
 22  2.0873708128E+01  3.2043710542E+00  1.3000000000E+01  2.5000000000E+01  3.0380439639E+11
 23  1.7936410924E+01  1.3905719618E+00  1.6000000000E+01  2.0000000000E+01  1.5695287583E+11
 24  1.7999318837E+01  8.1637420051E-01  1.7000000000E+01  1.9000000000E+01  5.1316976000E+10
 
 field : Diver4   ; Iter =    188391 ; region #   0 ; nb.Lev =  24
 k | --  Average --  | --  Std.Dev  -- | --     min  --  | --     max   -- | Vol
  0  1.0020447858E+01  1.0841172102E+01  2.0000000000E+00  7.8000000000E+01  2.8199008700E+13
  1  1.0098881799E+01  1.4044211581E+01  2.0000000000E+00  7.8000000000E+01  4.8770963680E+12
  2  1.0562840923E+01  1.4652400756E+01  3.0000000000E+00  7.8000000000E+01  3.6303798470E+12
  3  1.0029973643E+01  1.3443425663E+01  3.0000000000E+00  7.8000000000E+01  3.0452921075E+12
  4  8.5500570399E+00  1.1836786889E+01  3.0000000000E+00  7.8000000000E+01  2.4674263946E+12
  5  6.5999352315E+00  4.3666033628E+00  3.0000000000E+00  2.1000000000E+01  1.9578249370E+12
  6  6.8035821659E+00  4.5404068686E+00  3.0000000000E+00  2.1000000000E+01  1.7309547277E+12
  7  7.1353478889E+00  4.7983672864E+00  3.0000000000E+00  2.1000000000E+01  1.4953216074E+12
  8  7.5636616551E+00  5.1622750443E+00  3.0000000000E+00  2.1000000000E+01  1.2829423298E+12
  9  8.1489767803E+00  5.5557025304E+00  4.0000000000E+00  2.1000000000E+01  1.0031551290E+12
 10  8.8089827024E+00  6.0185192120E+00  4.0000000000E+00  2.1000000000E+01  8.0265770428E+11
 11  9.3709827594E+00  6.3057929777E+00  4.0000000000E+00  2.1000000000E+01  6.6327548622E+11
 12  1.0169417134E+01  6.6811701391E+00  4.0000000000E+00  2.1000000000E+01  5.6373029637E+11
 13  1.0846057024E+01  6.9799318552E+00  4.0000000000E+00  2.1000000000E+01  5.0322362276E+11
 14  1.1671331757E+01  7.1541426362E+00  4.0000000000E+00  2.1000000000E+01  4.7029031123E+11
 15  1.3036337612E+01  7.2017986622E+00  4.0000000000E+00  2.1000000000E+01  4.5969947791E+11
 16  1.4237751984E+01  7.0840206759E+00  5.0000000000E+00  2.1000000000E+01  4.5451843018E+11
 17  1.4171484009E+01  7.5211986965E+00  4.0000000000E+00  2.2000000000E+01  4.7666501678E+11
 18  1.4661304771E+01  7.5495244418E+00  4.0000000000E+00  2.2000000000E+01  5.2476222150E+11
 19  1.5689655237E+01  6.8004246549E+00  4.0000000000E+00  2.1000000000E+01  5.0785018665E+11
 20  1.9185096008E+01  9.8268535849E-01  1.6000000000E+01  2.1000000000E+01  4.3109517302E+11
 21  2.0168483997E+01  1.7732798713E+00  1.6000000000E+01  2.4000000000E+01  3.3877307666E+11
 22  2.0873708128E+01  3.2043710542E+00  1.3000000000E+01  2.5000000000E+01  3.0380439639E+11
 23  1.8248670162E+01  1.6771031022E+00  1.6000000000E+01  2.0000000000E+01  1.5695287583E+11
 24  1.7999318837E+01  8.1637420051E-01  1.7000000000E+01  1.9000000000E+01  5.1316976000E+10
 
 field : Diver4   ; Iter =    188392 ; region #   0 ; nb.Lev =  24
 k | --  Average --  | --  Std.Dev  -- | --     min  --  | --     max   -- | Vol
  0  1.0023632435E+01  1.0844014304E+01  2.0000000000E+00  7.8000000000E+01  2.8199008700E+13
  1  1.0098187844E+01  1.4043639924E+01  2.0000000000E+00  7.8000000000E+01  4.8770963680E+12
  2  1.0565745190E+01  1.4656659492E+01  3.0000000000E+00  7.8000000000E+01  3.6303798470E+12
  3  1.0031066652E+01  1.3442894692E+01  3.0000000000E+00  7.8000000000E+01  3.0452921075E+12
  4  8.5514625649E+00  1.1837968224E+01  3.0000000000E+00  7.8000000000E+01  2.4674263946E+12
  5  6.6033640122E+00  4.3697246067E+00  3.0000000000E+00  2.1000000000E+01  1.9578249370E+12
  6  6.8035821659E+00  4.5404068686E+00  3.0000000000E+00  2.1000000000E+01  1.7309547277E+12
  7  7.1307700418E+00  4.7908565712E+00  3.0000000000E+00  2.1000000000E+01  1.4953216074E+12
  8  7.5610512029E+00  5.1638233804E+00  3.0000000000E+00  2.1000000000E+01  1.2829423298E+12
  9  8.1489767803E+00  5.5557025304E+00  4.0000000000E+00  2.1000000000E+01  1.0031551290E+12
 10  8.8089827024E+00  6.0185192120E+00  4.0000000000E+00  2.1000000000E+01  8.0265770428E+11
 11  9.3762831694E+00  6.3025361079E+00  4.0000000000E+00  2.1000000000E+01  6.6327548622E+11
 12  1.0169417134E+01  6.6811701391E+00  4.0000000000E+00  2.1000000000E+01  5.6373029637E+11
 13  1.0845915457E+01  6.9638852425E+00  4.0000000000E+00  2.1000000000E+01  5.0322362276E+11
 14  1.1661599594E+01  7.1462025606E+00  4.0000000000E+00  2.1000000000E+01  4.7029031123E+11
 15  1.3048362709E+01  7.2109057340E+00  4.0000000000E+00  2.1000000000E+01  4.5969947791E+11
 16  1.4237751984E+01  7.0840206759E+00  5.0000000000E+00  2.1000000000E+01  4.5451843018E+11
 17  1.4171484009E+01  7.5211986965E+00  4.0000000000E+00  2.2000000000E+01  4.7666501678E+11
 18  1.4661304771E+01  7.5495244418E+00  4.0000000000E+00  2.2000000000E+01  5.2476222150E+11
 19  1.5689655237E+01  6.8004246549E+00  4.0000000000E+00  2.1000000000E+01  5.0785018665E+11
 20  1.9222024650E+01  9.9376292082E-01  1.6000000000E+01  2.1000000000E+01  4.3109517302E+11
 21  2.0168483997E+01  1.7732798713E+00  1.6000000000E+01  2.4000000000E+01  3.3877307666E+11
 22  2.0987122155E+01  3.2594468257E+00  1.3000000000E+01  2.5000000000E+01  3.0380439639E+11
 23  1.8405130537E+01  1.4969969222E+00  1.7000000000E+01  2.0000000000E+01  1.5695287583E+11
 24  1.7999318837E+01  8.1637420051E-01  1.7000000000E+01  1.9000000000E+01  5.1316976000E+10
 
# records End here.
