# header of file: Shannon_stat
# frequency (s):       1200.000000
# phase (s)    :          0.000000
# Regions      :   0
# Fields       : Shannon 
# Nb of levels :   24
# end of header ------------------------------------------------------------
 
 field : Shannon  ; Iter =    188389 ; region #   0 ; nb.Lev =  24
 k | --  Average --  | --  Std.Dev  -- | --     min  --  | --     max   -- | Vol
  0  6.9901342857E-01  4.8959675043E-01  0.0000000000E+00  4.3567074354E+00  2.8199008700E+13
  1  7.1797351228E-01  5.9724105769E-01  0.0000000000E+00  4.3567074354E+00  4.8770963680E+12
  2  7.5256174250E-01  5.7372272314E-01  9.4632214963E-03  4.3567072215E+00  3.6303798470E+12
  3  7.4579926250E-01  5.0609202067E-01  2.1351283053E-02  2.3667773630E+00  3.0452921075E+12
  4  6.7644211353E-01  4.1514754625E-01  3.0316199806E-02  1.9701865334E+00  2.4674263946E+12
  5  6.6019344400E-01  3.4741837525E-01  4.6104161482E-02  1.6326783408E+00  1.9578249370E+12
  6  6.8664354218E-01  3.4082794972E-01  7.9568091307E-02  1.6128319762E+00  1.7309547277E+12
  7  7.1217916251E-01  3.3229895896E-01  1.1675795348E-01  1.6065297599E+00  1.4953216074E+12
  8  7.1411416570E-01  3.4115929807E-01  7.6257490419E-02  1.5981149011E+00  1.2829423298E+12
  9  6.9479986793E-01  3.7727960103E-01  4.6612953170E-02  1.5995349988E+00  1.0031551290E+12
 10  6.6383443222E-01  4.4945735721E-01  0.0000000000E+00  1.5949177079E+00  8.0265770428E+11
 11  6.0420801991E-01  5.0024257222E-01  0.0000000000E+00  1.5825599377E+00  6.6327548622E+11
 12  5.9366152639E-01  5.4419607445E-01  0.0000000000E+00  1.5793866582E+00  5.6373029637E+11
 13  6.2320511197E-01  5.5551508628E-01  0.0000000000E+00  1.5710519073E+00  5.0322362276E+11
 14  7.0958646440E-01  5.3571675332E-01  0.0000000000E+00  1.5620166883E+00  4.7029031123E+11
 15  7.3971717636E-01  5.5517861999E-01  0.0000000000E+00  1.5528900380E+00  4.5969947791E+11
 16  7.0033747059E-01  5.5374824308E-01  0.0000000000E+00  1.5265113073E+00  4.5451843018E+11
 17  6.0835787367E-01  5.2520743144E-01  0.0000000000E+00  1.4543798129E+00  4.7666501678E+11
 18  5.9330413672E-01  4.6843652555E-01  0.0000000000E+00  1.4348372387E+00  5.2476222150E+11
 19  5.8327660113E-01  4.1954438048E-01  0.0000000000E+00  1.4044705548E+00  5.0785018665E+11
 20  7.5663764375E-01  2.5796094609E-01  3.7087726846E-01  1.3297742826E+00  4.3109517302E+11
 21  8.5839802196E-01  2.8962962747E-01  1.4414920218E-01  1.5376797872E+00  3.3877307666E+11
 22  7.8449401866E-01  6.2722979773E-01  0.0000000000E+00  1.6298163556E+00  3.0380439639E+11
 23  3.2836054907E-01  4.3468928313E-01  0.0000000000E+00  1.0108904257E+00  1.5695287583E+11
 24  0.0000000000E+00  0.0000000000E+00  0.0000000000E+00  0.0000000000E+00  5.1316976000E+10
 
 field : Shannon  ; Iter =    188390 ; region #   0 ; nb.Lev =  24
 k | --  Average --  | --  Std.Dev  -- | --     min  --  | --     max   -- | Vol
  0  6.9909551958E-01  4.8967369870E-01  0.0000000000E+00  4.3567074354E+00  2.8199008700E+13
  1  7.1806323121E-01  5.9722277105E-01  0.0000000000E+00  4.3567074354E+00  4.8770963680E+12
  2  7.5261406190E-01  5.7373886618E-01  9.4591392653E-03  4.3567072216E+00  3.6303798470E+12
  3  7.4584079500E-01  5.0615334920E-01  2.1377238985E-02  2.3670391835E+00  3.0452921075E+12
  4  6.7644286324E-01  4.1516780087E-01  3.0288836399E-02  1.9702816728E+00  2.4674263946E+12
  5  6.6019454504E-01  3.4740219200E-01  4.6076507857E-02  1.6327756951E+00  1.9578249370E+12
  6  6.8664470050E-01  3.4084553642E-01  7.9560353806E-02  1.6128862282E+00  1.7309547277E+12
  7  7.1217224152E-01  3.3235342238E-01  1.1674264884E-01  1.6063159982E+00  1.4953216074E+12
  8  7.1408095927E-01  3.4121039741E-01  7.6332109741E-02  1.5980095427E+00  1.2829423298E+12
  9  6.9500553337E-01  3.7711495012E-01  4.6693809398E-02  1.5994895716E+00  1.0031551290E+12
 10  6.6397934659E-01  4.4955292987E-01  0.0000000000E+00  1.5948994242E+00  8.0265770428E+11
 11  6.0082558733E-01  5.0214587313E-01  0.0000000000E+00  1.5826641439E+00  6.6327548622E+11
 12  5.9371161161E-01  5.4438569321E-01  0.0000000000E+00  1.5795464421E+00  5.6373029637E+11
 13  6.2331311193E-01  5.5575826629E-01  0.0000000000E+00  1.5711794023E+00  5.0322362276E+11
 14  7.0979873577E-01  5.3591362530E-01  0.0000000000E+00  1.5620597143E+00  4.7029031123E+11
 15  7.4004366790E-01  5.5536252566E-01  0.0000000000E+00  1.5529903861E+00  4.5969947791E+11
 16  7.0060383224E-01  5.5385589576E-01  0.0000000000E+00  1.5268360522E+00  4.5451843018E+11
 17  6.0863148024E-01  5.2541844856E-01  0.0000000000E+00  1.4547050076E+00  4.7666501678E+11
 18  5.9348428024E-01  4.6854331691E-01  0.0000000000E+00  1.4352471526E+00  5.2476222150E+11
 19  5.8352257583E-01  4.1972187319E-01  0.0000000000E+00  1.4048992686E+00  5.0785018665E+11
 20  7.5687789039E-01  2.5807880511E-01  3.7093311258E-01  1.3301815831E+00  4.3109517302E+11
 21  8.5906451423E-01  2.8863615916E-01  1.4627544461E-01  1.5371780527E+00  3.3877307666E+11
 22  7.8800105839E-01  6.2518676597E-01  0.0000000000E+00  1.6315181293E+00  3.0380439639E+11
 23  3.3683726648E-01  4.4300476106E-01  0.0000000000E+00  1.0206095544E+00  1.5695287583E+11
 24  0.0000000000E+00  0.0000000000E+00  0.0000000000E+00  0.0000000000E+00  5.1316976000E+10
 
 field : Shannon  ; Iter =    188391 ; region #   0 ; nb.Lev =  24
 k | --  Average --  | --  Std.Dev  -- | --     min  --  | --     max   -- | Vol
  0  6.9923433970E-01  4.8967750542E-01  0.0000000000E+00  4.3567074355E+00  2.8199008700E+13
  1  7.1815553319E-01  5.9720485508E-01  0.0000000000E+00  4.3567074355E+00  4.8770963680E+12
  2  7.5266762964E-01  5.7375606227E-01  9.4553321050E-03  4.3567072216E+00  3.6303798470E+12
  3  7.4588407469E-01  5.0621514178E-01  2.1411185254E-02  2.3673005663E+00  3.0452921075E+12
  4  6.7644216868E-01  4.1518289053E-01  3.0262559315E-02  1.9703765799E+00  2.4674263946E+12
  5  6.6019414356E-01  3.4738359478E-01  4.6048868000E-02  1.6328695748E+00  1.9578249370E+12
  6  6.8664130002E-01  3.4086179705E-01  7.9552333199E-02  1.6129450748E+00  1.7309547277E+12
  7  7.1216876837E-01  3.3240605604E-01  1.1673431433E-01  1.6060972965E+00  1.4953216074E+12
  8  7.1402936006E-01  3.4126507866E-01  7.6404156997E-02  1.5979086247E+00  1.2829423298E+12
  9  6.9523678234E-01  3.7691736118E-01  4.6744804504E-02  1.5994436445E+00  1.0031551290E+12
 10  6.6417152520E-01  4.4961337458E-01  0.0000000000E+00  1.5948815845E+00  8.0265770428E+11
 11  6.0093579123E-01  5.0228389332E-01  0.0000000000E+00  1.5827633580E+00  6.6327548622E+11
 12  5.9376035668E-01  5.4457978345E-01  0.0000000000E+00  1.5797028076E+00  5.6373029637E+11
 13  6.2342449212E-01  5.5600921941E-01  0.0000000000E+00  1.5713053336E+00  5.0322362276E+11
 14  7.1000878911E-01  5.3611463198E-01  0.0000000000E+00  1.5621010609E+00  4.7029031123E+11
 15  7.4036765434E-01  5.5554531258E-01  0.0000000000E+00  1.5530912135E+00  4.5969947791E+11
 16  7.0086483237E-01  5.5395101986E-01  0.0000000000E+00  1.5271576455E+00  4.5451843018E+11
 17  6.0889448992E-01  5.2562448470E-01  0.0000000000E+00  1.4550176606E+00  4.7666501678E+11
 18  5.9366182936E-01  4.6864763661E-01  0.0000000000E+00  1.4356561276E+00  5.2476222150E+11
 19  5.8377084344E-01  4.1990263532E-01  0.0000000000E+00  1.4053276415E+00  5.0785018665E+11
 20  7.5712972047E-01  2.5819737483E-01  3.7098897227E-01  1.3305877198E+00  4.3109517302E+11
 21  8.5954082016E-01  2.8780881054E-01  1.4668738072E-01  1.5356341575E+00  3.3877307666E+11
 22  7.8993497658E-01  6.2226426955E-01  0.0000000000E+00  1.6329944068E+00  3.0380439639E+11
 23  3.4388809178E-01  4.5027557591E-01  0.0000000000E+00  1.0304811840E+00  1.5695287583E+11
 24  0.0000000000E+00  0.0000000000E+00  0.0000000000E+00  0.0000000000E+00  5.1316976000E+10
 
 field : Shannon  ; Iter =    188392 ; region #   0 ; nb.Lev =  24
 k | --  Average --  | --  Std.Dev  -- | --     min  --  | --     max   -- | Vol
  0  6.9935714783E-01  4.8967461548E-01  0.0000000000E+00  4.3567074356E+00  2.8199008700E+13
  1  7.1824994756E-01  5.9718724209E-01  0.0000000000E+00  4.3567074356E+00  4.8770963680E+12
  2  7.5272271290E-01  5.7377427743E-01  9.4517872334E-03  4.3567072216E+00  3.6303798470E+12
  3  7.4592817926E-01  5.0627759069E-01  2.1454640116E-02  2.3675615122E+00  3.0452921075E+12
  4  6.7644102893E-01  4.1519623132E-01  3.0237460822E-02  1.9704712553E+00  2.4674263946E+12
  5  6.6019094988E-01  3.4736333172E-01  4.6021273154E-02  1.6329604856E+00  1.9578249370E+12
  6  6.8663232386E-01  3.4087701912E-01  7.9544110316E-02  1.6130101815E+00  1.7309547277E+12
  7  7.1215844644E-01  3.3245957346E-01  1.1673259159E-01  1.6058707415E+00  1.4953216074E+12
  8  7.1399385598E-01  3.4132234332E-01  7.6473365068E-02  1.5978079261E+00  1.2829423298E+12
  9  6.9549771287E-01  3.7671076138E-01  4.6764442983E-02  1.5993968778E+00  1.0031551290E+12
 10  6.6440314211E-01  4.4964688780E-01  0.0000000000E+00  1.5948643541E+00  8.0265770428E+11
 11  6.0099527090E-01  5.0244756082E-01  0.0000000000E+00  1.5828581362E+00  6.6327548622E+11
 12  5.9379189715E-01  5.4478623594E-01  0.0000000000E+00  1.5798558029E+00  5.6373029637E+11
 13  6.2354125923E-01  5.5626905995E-01  0.0000000000E+00  1.5714313884E+00  5.0322362276E+11
 14  7.1021822944E-01  5.3632038389E-01  0.0000000000E+00  1.5621408291E+00  4.7029031123E+11
 15  7.4069059803E-01  5.5572723625E-01  0.0000000000E+00  1.5531924261E+00  4.5969947791E+11
 16  7.0111752042E-01  5.5403679486E-01  0.0000000000E+00  1.5274755930E+00  4.5451843018E+11
 17  6.0914835029E-01  5.2582696722E-01  0.0000000000E+00  1.4553170671E+00  4.7666501678E+11
 18  5.9383668774E-01  4.6874964681E-01  0.0000000000E+00  1.4360649375E+00  5.2476222150E+11
 19  5.8402017746E-01  4.2008778526E-01  0.0000000000E+00  1.4057566258E+00  5.0785018665E+11
 20  7.5739663294E-01  2.5831945500E-01  3.7104484754E-01  1.3309935168E+00  4.3109517302E+11
 21  8.5996970899E-01  2.8705101590E-01  1.4697934384E-01  1.5340171695E+00  3.3877307666E+11
 22  7.9078865452E-01  6.1884479378E-01  0.0000000000E+00  1.6342717201E+00  3.0380439639E+11
 23  3.5006408064E-01  4.5687471594E-01  0.0000000000E+00  1.0387971804E+00  1.5695287583E+11
 24  0.0000000000E+00  0.0000000000E+00  0.0000000000E+00  0.0000000000E+00  5.1316976000E+10
 
# records End here.
